%%MatrixMarket matrix coordinate pattern general
% Label: (0)
8931 8931 8931
1 1
2 4467
3 2
4 4468
5 3
6 4469
7 4
8 4470
9 5
10 4471
11 6
12 4472
13 7
14 4473
15 8
16 4474
17 9
18 4475
19 10
20 4476
21 11
22 4477
23 12
24 4478
25 13
26 4479
27 14
28 4480
29 15
30 4481
31 16
32 4482
33 17
34 4483
35 18
36 4484
37 19
38 4485
39 20
40 4486
41 21
42 4487
43 22
44 4488
45 23
46 4489
47 24
48 4490
49 25
50 4491
51 26
52 4492
53 27
54 4493
55 28
56 4494
57 29
58 4495
59 30
60 4496
61 31
62 4497
63 32
64 4498
65 33
66 4499
67 34
68 4500
69 35
70 4501
71 36
72 4502
73 37
74 4503
75 38
76 4504
77 39
78 4505
79 40
80 4506
81 41
82 4507
83 42
84 4508
85 43
86 4509
87 44
88 4510
89 45
90 4511
91 46
92 4512
93 47
94 4513
95 48
96 4514
97 49
98 4515
99 50
100 4516
101 51
102 4517
103 52
104 4518
105 53
106 4519
107 54
108 4520
109 55
110 4521
111 56
112 4522
113 57
114 4523
115 58
116 4524
117 59
118 4525
119 60
120 4526
121 61
122 4527
123 62
124 4528
125 63
126 4529
127 64
128 4530
129 65
130 4531
131 66
132 4532
133 67
134 4533
135 68
136 4534
137 69
138 4535
139 70
140 4536
141 71
142 4537
143 72
144 4538
145 73
146 4539
147 74
148 4540
149 75
150 4541
151 76
152 4542
153 77
154 4543
155 78
156 4544
157 79
158 4545
159 80
160 4546
161 81
162 4547
163 82
164 4548
165 83
166 4549
167 84
168 4550
169 85
170 4551
171 86
172 4552
173 87
174 4553
175 88
176 4554
177 89
178 4555
179 90
180 4556
181 91
182 4557
183 92
184 4558
185 93
186 4559
187 94
188 4560
189 95
190 4561
191 96
192 4562
193 97
194 4563
195 98
196 4564
197 99
198 4565
199 100
200 4566
201 101
202 4567
203 102
204 4568
205 103
206 4569
207 104
208 4570
209 105
210 4571
211 106
212 4572
213 107
214 4573
215 108
216 4574
217 109
218 4575
219 110
220 4576
221 111
222 4577
223 112
224 4578
225 113
226 4579
227 114
228 4580
229 115
230 4581
231 116
232 4582
233 117
234 4583
235 118
236 4584
237 119
238 4585
239 120
240 4586
241 121
242 4587
243 122
244 4588
245 123
246 4589
247 124
248 4590
249 125
250 4591
251 126
252 4592
253 127
254 4593
255 128
256 4594
257 129
258 4595
259 130
260 4596
261 131
262 4597
263 132
264 4598
265 133
266 4599
267 134
268 4600
269 135
270 4601
271 136
272 4602
273 137
274 4603
275 138
276 4604
277 139
278 4605
279 140
280 4606
281 141
282 4607
283 142
284 4608
285 143
286 4609
287 144
288 4610
289 145
290 4611
291 146
292 4612
293 147
294 4613
295 148
296 4614
297 149
298 4615
299 150
300 4616
301 151
302 4617
303 152
304 4618
305 153
306 4619
307 154
308 4620
309 155
310 4621
311 156
312 4622
313 157
314 4623
315 158
316 4624
317 159
318 4625
319 160
320 4626
321 161
322 4627
323 162
324 4628
325 163
326 4629
327 164
328 4630
329 165
330 4631
331 166
332 4632
333 167
334 4633
335 168
336 4634
337 169
338 4635
339 170
340 4636
341 171
342 4637
343 172
344 4638
345 173
346 4639
347 174
348 4640
349 175
350 4641
351 176
352 4642
353 177
354 4643
355 178
356 4644
357 179
358 4645
359 180
360 4646
361 181
362 4647
363 182
364 4648
365 183
366 4649
367 184
368 4650
369 185
370 4651
371 186
372 4652
373 187
374 4653
375 188
376 4654
377 189
378 4655
379 190
380 4656
381 191
382 4657
383 192
384 4658
385 193
386 4659
387 194
388 4660
389 195
390 4661
391 196
392 4662
393 197
394 4663
395 198
396 4664
397 199
398 4665
399 200
400 4666
401 201
402 4667
403 202
404 4668
405 203
406 4669
407 204
408 4670
409 205
410 4671
411 206
412 4672
413 207
414 4673
415 208
416 4674
417 209
418 4675
419 210
420 4676
421 211
422 4677
423 212
424 4678
425 213
426 4679
427 214
428 4680
429 215
430 4681
431 216
432 4682
433 217
434 4683
435 218
436 4684
437 219
438 4685
439 220
440 4686
441 221
442 4687
443 222
444 4688
445 223
446 4689
447 224
448 4690
449 225
450 4691
451 226
452 4692
453 227
454 4693
455 228
456 4694
457 229
458 4695
459 230
460 4696
461 231
462 4697
463 232
464 4698
465 233
466 4699
467 234
468 4700
469 235
470 4701
471 236
472 4702
473 237
474 4703
475 238
476 4704
477 239
478 4705
479 240
480 4706
481 241
482 4707
483 242
484 4708
485 243
486 4709
487 244
488 4710
489 245
490 4711
491 246
492 4712
493 247
494 4713
495 248
496 4714
497 249
498 4715
499 250
500 4716
501 251
502 4717
503 252
504 4718
505 253
506 4719
507 254
508 4720
509 255
510 4721
511 256
512 4722
513 257
514 4723
515 258
516 4724
517 259
518 4725
519 260
520 4726
521 261
522 4727
523 262
524 4728
525 263
526 4729
527 264
528 4730
529 265
530 4731
531 266
532 4732
533 267
534 4733
535 268
536 4734
537 269
538 4735
539 270
540 4736
541 271
542 4737
543 272
544 4738
545 273
546 4739
547 274
548 4740
549 275
550 4741
551 276
552 4742
553 277
554 4743
555 278
556 4744
557 279
558 4745
559 280
560 4746
561 281
562 4747
563 282
564 4748
565 283
566 4749
567 284
568 4750
569 285
570 4751
571 286
572 4752
573 287
574 4753
575 288
576 4754
577 289
578 4755
579 290
580 4756
581 291
582 4757
583 292
584 4758
585 293
586 4759
587 294
588 4760
589 295
590 4761
591 296
592 4762
593 297
594 4763
595 298
596 4764
597 299
598 4765
599 300
600 4766
601 301
602 4767
603 302
604 4768
605 303
606 4769
607 304
608 4770
609 305
610 4771
611 306
612 4772
613 307
614 4773
615 308
616 4774
617 309
618 4775
619 310
620 4776
621 311
622 4777
623 312
624 4778
625 313
626 4779
627 314
628 4780
629 315
630 4781
631 316
632 4782
633 317
634 4783
635 318
636 4784
637 319
638 4785
639 320
640 4786
641 321
642 4787
643 322
644 4788
645 323
646 4789
647 324
648 4790
649 325
650 4791
651 326
652 4792
653 327
654 4793
655 328
656 4794
657 329
658 4795
659 330
660 4796
661 331
662 4797
663 332
664 4798
665 333
666 4799
667 334
668 4800
669 335
670 4801
671 336
672 4802
673 337
674 4803
675 338
676 4804
677 339
678 4805
679 340
680 4806
681 341
682 4807
683 342
684 4808
685 343
686 4809
687 344
688 4810
689 345
690 4811
691 346
692 4812
693 347
694 4813
695 348
696 4814
697 349
698 4815
699 350
700 4816
701 351
702 4817
703 352
704 4818
705 353
706 4819
707 354
708 4820
709 355
710 4821
711 356
712 4822
713 357
714 4823
715 358
716 4824
717 359
718 4825
719 360
720 4826
721 361
722 4827
723 362
724 4828
725 363
726 4829
727 364
728 4830
729 365
730 4831
731 366
732 4832
733 367
734 4833
735 368
736 4834
737 369
738 4835
739 370
740 4836
741 371
742 4837
743 372
744 4838
745 373
746 4839
747 374
748 4840
749 375
750 4841
751 376
752 4842
753 377
754 4843
755 378
756 4844
757 379
758 4845
759 380
760 4846
761 381
762 4847
763 382
764 4848
765 383
766 4849
767 384
768 4850
769 385
770 4851
771 386
772 4852
773 387
774 4853
775 388
776 4854
777 389
778 4855
779 390
780 4856
781 391
782 4857
783 392
784 4858
785 393
786 4859
787 394
788 4860
789 395
790 4861
791 396
792 4862
793 397
794 4863
795 398
796 4864
797 399
798 4865
799 400
800 4866
801 401
802 4867
803 402
804 4868
805 403
806 4869
807 404
808 4870
809 405
810 4871
811 406
812 4872
813 407
814 4873
815 408
816 4874
817 409
818 4875
819 410
820 4876
821 411
822 4877
823 412
824 4878
825 413
826 4879
827 414
828 4880
829 415
830 4881
831 416
832 4882
833 417
834 4883
835 418
836 4884
837 419
838 4885
839 420
840 4886
841 421
842 4887
843 422
844 4888
845 423
846 4889
847 424
848 4890
849 425
850 4891
851 426
852 4892
853 427
854 4893
855 428
856 4894
857 429
858 4895
859 430
860 4896
861 431
862 4897
863 432
864 4898
865 433
866 4899
867 434
868 4900
869 435
870 4901
871 436
872 4902
873 437
874 4903
875 438
876 4904
877 439
878 4905
879 440
880 4906
881 441
882 4907
883 442
884 4908
885 443
886 4909
887 444
888 4910
889 445
890 4911
891 446
892 4912
893 447
894 4913
895 448
896 4914
897 449
898 4915
899 450
900 4916
901 451
902 4917
903 452
904 4918
905 453
906 4919
907 454
908 4920
909 455
910 4921
911 456
912 4922
913 457
914 4923
915 458
916 4924
917 459
918 4925
919 460
920 4926
921 461
922 4927
923 462
924 4928
925 463
926 4929
927 464
928 4930
929 465
930 4931
931 466
932 4932
933 467
934 4933
935 468
936 4934
937 469
938 4935
939 470
940 4936
941 471
942 4937
943 472
944 4938
945 473
946 4939
947 474
948 4940
949 475
950 4941
951 476
952 4942
953 477
954 4943
955 478
956 4944
957 479
958 4945
959 480
960 4946
961 481
962 4947
963 482
964 4948
965 483
966 4949
967 484
968 4950
969 485
970 4951
971 486
972 4952
973 487
974 4953
975 488
976 4954
977 489
978 4955
979 490
980 4956
981 491
982 4957
983 492
984 4958
985 493
986 4959
987 494
988 4960
989 495
990 4961
991 496
992 4962
993 497
994 4963
995 498
996 4964
997 499
998 4965
999 500
1000 4966
1001 501
1002 4967
1003 502
1004 4968
1005 503
1006 4969
1007 504
1008 4970
1009 505
1010 4971
1011 506
1012 4972
1013 507
1014 4973
1015 508
1016 4974
1017 509
1018 4975
1019 510
1020 4976
1021 511
1022 4977
1023 512
1024 4978
1025 513
1026 4979
1027 514
1028 4980
1029 515
1030 4981
1031 516
1032 4982
1033 517
1034 4983
1035 518
1036 4984
1037 519
1038 4985
1039 520
1040 4986
1041 521
1042 4987
1043 522
1044 4988
1045 523
1046 4989
1047 524
1048 4990
1049 525
1050 4991
1051 526
1052 4992
1053 527
1054 4993
1055 528
1056 4994
1057 529
1058 4995
1059 530
1060 4996
1061 531
1062 4997
1063 532
1064 4998
1065 533
1066 4999
1067 534
1068 5000
1069 535
1070 5001
1071 536
1072 5002
1073 537
1074 5003
1075 538
1076 5004
1077 539
1078 5005
1079 540
1080 5006
1081 541
1082 5007
1083 542
1084 5008
1085 543
1086 5009
1087 544
1088 5010
1089 545
1090 5011
1091 546
1092 5012
1093 547
1094 5013
1095 548
1096 5014
1097 549
1098 5015
1099 550
1100 5016
1101 551
1102 5017
1103 552
1104 5018
1105 553
1106 5019
1107 554
1108 5020
1109 555
1110 5021
1111 556
1112 5022
1113 557
1114 5023
1115 558
1116 5024
1117 559
1118 5025
1119 560
1120 5026
1121 561
1122 5027
1123 562
1124 5028
1125 563
1126 5029
1127 564
1128 5030
1129 565
1130 5031
1131 566
1132 5032
1133 567
1134 5033
1135 568
1136 5034
1137 569
1138 5035
1139 570
1140 5036
1141 571
1142 5037
1143 572
1144 5038
1145 573
1146 5039
1147 574
1148 5040
1149 575
1150 5041
1151 576
1152 5042
1153 577
1154 5043
1155 578
1156 5044
1157 579
1158 5045
1159 580
1160 5046
1161 581
1162 5047
1163 582
1164 5048
1165 583
1166 5049
1167 584
1168 5050
1169 585
1170 5051
1171 586
1172 5052
1173 587
1174 5053
1175 588
1176 5054
1177 589
1178 5055
1179 590
1180 5056
1181 591
1182 5057
1183 592
1184 5058
1185 593
1186 5059
1187 594
1188 5060
1189 595
1190 5061
1191 596
1192 5062
1193 597
1194 5063
1195 598
1196 5064
1197 599
1198 5065
1199 600
1200 5066
1201 601
1202 5067
1203 602
1204 5068
1205 603
1206 5069
1207 604
1208 5070
1209 605
1210 5071
1211 606
1212 5072
1213 607
1214 5073
1215 608
1216 5074
1217 609
1218 5075
1219 610
1220 5076
1221 611
1222 5077
1223 612
1224 5078
1225 613
1226 5079
1227 614
1228 5080
1229 615
1230 5081
1231 616
1232 5082
1233 617
1234 5083
1235 618
1236 5084
1237 619
1238 5085
1239 620
1240 5086
1241 621
1242 5087
1243 622
1244 5088
1245 623
1246 5089
1247 624
1248 5090
1249 625
1250 5091
1251 626
1252 5092
1253 627
1254 5093
1255 628
1256 5094
1257 629
1258 5095
1259 630
1260 5096
1261 631
1262 5097
1263 632
1264 5098
1265 633
1266 5099
1267 634
1268 5100
1269 635
1270 5101
1271 636
1272 5102
1273 637
1274 5103
1275 638
1276 5104
1277 639
1278 5105
1279 640
1280 5106
1281 641
1282 5107
1283 642
1284 5108
1285 643
1286 5109
1287 644
1288 5110
1289 645
1290 5111
1291 646
1292 5112
1293 647
1294 5113
1295 648
1296 5114
1297 649
1298 5115
1299 650
1300 5116
1301 651
1302 5117
1303 652
1304 5118
1305 653
1306 5119
1307 654
1308 5120
1309 655
1310 5121
1311 656
1312 5122
1313 657
1314 5123
1315 658
1316 5124
1317 659
1318 5125
1319 660
1320 5126
1321 661
1322 5127
1323 662
1324 5128
1325 663
1326 5129
1327 664
1328 5130
1329 665
1330 5131
1331 666
1332 5132
1333 667
1334 5133
1335 668
1336 5134
1337 669
1338 5135
1339 670
1340 5136
1341 671
1342 5137
1343 672
1344 5138
1345 673
1346 5139
1347 674
1348 5140
1349 675
1350 5141
1351 676
1352 5142
1353 677
1354 5143
1355 678
1356 5144
1357 679
1358 5145
1359 680
1360 5146
1361 681
1362 5147
1363 682
1364 5148
1365 683
1366 5149
1367 684
1368 5150
1369 685
1370 5151
1371 686
1372 5152
1373 687
1374 5153
1375 688
1376 5154
1377 689
1378 5155
1379 690
1380 5156
1381 691
1382 5157
1383 692
1384 5158
1385 693
1386 5159
1387 694
1388 5160
1389 695
1390 5161
1391 696
1392 5162
1393 697
1394 5163
1395 698
1396 5164
1397 699
1398 5165
1399 700
1400 5166
1401 701
1402 5167
1403 702
1404 5168
1405 703
1406 5169
1407 704
1408 5170
1409 705
1410 5171
1411 706
1412 5172
1413 707
1414 5173
1415 708
1416 5174
1417 709
1418 5175
1419 710
1420 5176
1421 711
1422 5177
1423 712
1424 5178
1425 713
1426 5179
1427 714
1428 5180
1429 715
1430 5181
1431 716
1432 5182
1433 717
1434 5183
1435 718
1436 5184
1437 719
1438 5185
1439 720
1440 5186
1441 721
1442 5187
1443 722
1444 5188
1445 723
1446 5189
1447 724
1448 5190
1449 725
1450 5191
1451 726
1452 5192
1453 727
1454 5193
1455 728
1456 5194
1457 729
1458 5195
1459 730
1460 5196
1461 731
1462 5197
1463 732
1464 5198
1465 733
1466 5199
1467 734
1468 5200
1469 735
1470 5201
1471 736
1472 5202
1473 737
1474 5203
1475 738
1476 5204
1477 739
1478 5205
1479 740
1480 5206
1481 741
1482 5207
1483 742
1484 5208
1485 743
1486 5209
1487 744
1488 5210
1489 745
1490 5211
1491 746
1492 5212
1493 747
1494 5213
1495 748
1496 5214
1497 749
1498 5215
1499 750
1500 5216
1501 751
1502 5217
1503 752
1504 5218
1505 753
1506 5219
1507 754
1508 5220
1509 755
1510 5221
1511 756
1512 5222
1513 757
1514 5223
1515 758
1516 5224
1517 759
1518 5225
1519 760
1520 5226
1521 761
1522 5227
1523 762
1524 5228
1525 763
1526 5229
1527 764
1528 5230
1529 765
1530 5231
1531 766
1532 5232
1533 767
1534 5233
1535 768
1536 5234
1537 769
1538 5235
1539 770
1540 5236
1541 771
1542 5237
1543 772
1544 5238
1545 773
1546 5239
1547 774
1548 5240
1549 775
1550 5241
1551 776
1552 5242
1553 777
1554 5243
1555 778
1556 5244
1557 779
1558 5245
1559 780
1560 5246
1561 781
1562 5247
1563 782
1564 5248
1565 783
1566 5249
1567 784
1568 5250
1569 785
1570 5251
1571 786
1572 5252
1573 787
1574 5253
1575 788
1576 5254
1577 789
1578 5255
1579 790
1580 5256
1581 791
1582 5257
1583 792
1584 5258
1585 793
1586 5259
1587 794
1588 5260
1589 795
1590 5261
1591 796
1592 5262
1593 797
1594 5263
1595 798
1596 5264
1597 799
1598 5265
1599 800
1600 5266
1601 801
1602 5267
1603 802
1604 5268
1605 803
1606 5269
1607 804
1608 5270
1609 805
1610 5271
1611 806
1612 5272
1613 807
1614 5273
1615 808
1616 5274
1617 809
1618 5275
1619 810
1620 5276
1621 811
1622 5277
1623 812
1624 5278
1625 813
1626 5279
1627 814
1628 5280
1629 815
1630 5281
1631 816
1632 5282
1633 817
1634 5283
1635 818
1636 5284
1637 819
1638 5285
1639 820
1640 5286
1641 821
1642 5287
1643 822
1644 5288
1645 823
1646 5289
1647 824
1648 5290
1649 825
1650 5291
1651 826
1652 5292
1653 827
1654 5293
1655 828
1656 5294
1657 829
1658 5295
1659 830
1660 5296
1661 831
1662 5297
1663 832
1664 5298
1665 833
1666 5299
1667 834
1668 5300
1669 835
1670 5301
1671 836
1672 5302
1673 837
1674 5303
1675 838
1676 5304
1677 839
1678 5305
1679 840
1680 5306
1681 841
1682 5307
1683 842
1684 5308
1685 843
1686 5309
1687 844
1688 5310
1689 845
1690 5311
1691 846
1692 5312
1693 847
1694 5313
1695 848
1696 5314
1697 849
1698 5315
1699 850
1700 5316
1701 851
1702 5317
1703 852
1704 5318
1705 853
1706 5319
1707 854
1708 5320
1709 855
1710 5321
1711 856
1712 5322
1713 857
1714 5323
1715 858
1716 5324
1717 859
1718 5325
1719 860
1720 5326
1721 861
1722 5327
1723 862
1724 5328
1725 863
1726 5329
1727 864
1728 5330
1729 865
1730 5331
1731 866
1732 5332
1733 867
1734 5333
1735 868
1736 5334
1737 869
1738 5335
1739 870
1740 5336
1741 871
1742 5337
1743 872
1744 5338
1745 873
1746 5339
1747 874
1748 5340
1749 875
1750 5341
1751 876
1752 5342
1753 877
1754 5343
1755 878
1756 5344
1757 879
1758 5345
1759 880
1760 5346
1761 881
1762 5347
1763 882
1764 5348
1765 883
1766 5349
1767 884
1768 5350
1769 885
1770 5351
1771 886
1772 5352
1773 887
1774 5353
1775 888
1776 5354
1777 889
1778 5355
1779 890
1780 5356
1781 891
1782 5357
1783 892
1784 5358
1785 893
1786 5359
1787 894
1788 5360
1789 895
1790 5361
1791 896
1792 5362
1793 897
1794 5363
1795 898
1796 5364
1797 899
1798 5365
1799 900
1800 5366
1801 901
1802 5367
1803 902
1804 5368
1805 903
1806 5369
1807 904
1808 5370
1809 905
1810 5371
1811 906
1812 5372
1813 907
1814 5373
1815 908
1816 5374
1817 909
1818 5375
1819 910
1820 5376
1821 911
1822 5377
1823 912
1824 5378
1825 913
1826 5379
1827 914
1828 5380
1829 915
1830 5381
1831 916
1832 5382
1833 917
1834 5383
1835 918
1836 5384
1837 919
1838 5385
1839 920
1840 5386
1841 921
1842 5387
1843 922
1844 5388
1845 923
1846 5389
1847 924
1848 5390
1849 925
1850 5391
1851 926
1852 5392
1853 927
1854 5393
1855 928
1856 5394
1857 929
1858 5395
1859 930
1860 5396
1861 931
1862 5397
1863 932
1864 5398
1865 933
1866 5399
1867 934
1868 5400
1869 935
1870 5401
1871 936
1872 5402
1873 937
1874 5403
1875 938
1876 5404
1877 939
1878 5405
1879 940
1880 5406
1881 941
1882 5407
1883 942
1884 5408
1885 943
1886 5409
1887 944
1888 5410
1889 945
1890 5411
1891 946
1892 5412
1893 947
1894 5413
1895 948
1896 5414
1897 949
1898 5415
1899 950
1900 5416
1901 951
1902 5417
1903 952
1904 5418
1905 953
1906 5419
1907 954
1908 5420
1909 955
1910 5421
1911 956
1912 5422
1913 957
1914 5423
1915 958
1916 5424
1917 959
1918 5425
1919 960
1920 5426
1921 961
1922 5427
1923 962
1924 5428
1925 963
1926 5429
1927 964
1928 5430
1929 965
1930 5431
1931 966
1932 5432
1933 967
1934 5433
1935 968
1936 5434
1937 969
1938 5435
1939 970
1940 5436
1941 971
1942 5437
1943 972
1944 5438
1945 973
1946 5439
1947 974
1948 5440
1949 975
1950 5441
1951 976
1952 5442
1953 977
1954 5443
1955 978
1956 5444
1957 979
1958 5445
1959 980
1960 5446
1961 981
1962 5447
1963 982
1964 5448
1965 983
1966 5449
1967 984
1968 5450
1969 985
1970 5451
1971 986
1972 5452
1973 987
1974 5453
1975 988
1976 5454
1977 989
1978 5455
1979 990
1980 5456
1981 991
1982 5457
1983 992
1984 5458
1985 993
1986 5459
1987 994
1988 5460
1989 995
1990 5461
1991 996
1992 5462
1993 997
1994 5463
1995 998
1996 5464
1997 999
1998 5465
1999 1000
2000 5466
2001 1001
2002 5467
2003 1002
2004 5468
2005 1003
2006 5469
2007 1004
2008 5470
2009 1005
2010 5471
2011 1006
2012 5472
2013 1007
2014 5473
2015 1008
2016 5474
2017 1009
2018 5475
2019 1010
2020 5476
2021 1011
2022 5477
2023 1012
2024 5478
2025 1013
2026 5479
2027 1014
2028 5480
2029 1015
2030 5481
2031 1016
2032 5482
2033 1017
2034 5483
2035 1018
2036 5484
2037 1019
2038 5485
2039 1020
2040 5486
2041 1021
2042 5487
2043 1022
2044 5488
2045 1023
2046 5489
2047 1024
2048 5490
2049 1025
2050 5491
2051 1026
2052 5492
2053 1027
2054 5493
2055 1028
2056 5494
2057 1029
2058 5495
2059 1030
2060 5496
2061 1031
2062 5497
2063 1032
2064 5498
2065 1033
2066 5499
2067 1034
2068 5500
2069 1035
2070 5501
2071 1036
2072 5502
2073 1037
2074 5503
2075 1038
2076 5504
2077 1039
2078 5505
2079 1040
2080 5506
2081 1041
2082 5507
2083 1042
2084 5508
2085 1043
2086 5509
2087 1044
2088 5510
2089 1045
2090 5511
2091 1046
2092 5512
2093 1047
2094 5513
2095 1048
2096 5514
2097 1049
2098 5515
2099 1050
2100 5516
2101 1051
2102 5517
2103 1052
2104 5518
2105 1053
2106 5519
2107 1054
2108 5520
2109 1055
2110 5521
2111 1056
2112 5522
2113 1057
2114 5523
2115 1058
2116 5524
2117 1059
2118 5525
2119 1060
2120 5526
2121 1061
2122 5527
2123 1062
2124 5528
2125 1063
2126 5529
2127 1064
2128 5530
2129 1065
2130 5531
2131 1066
2132 5532
2133 1067
2134 5533
2135 1068
2136 5534
2137 1069
2138 5535
2139 1070
2140 5536
2141 1071
2142 5537
2143 1072
2144 5538
2145 1073
2146 5539
2147 1074
2148 5540
2149 1075
2150 5541
2151 1076
2152 5542
2153 1077
2154 5543
2155 1078
2156 5544
2157 1079
2158 5545
2159 1080
2160 5546
2161 1081
2162 5547
2163 1082
2164 5548
2165 1083
2166 5549
2167 1084
2168 5550
2169 1085
2170 5551
2171 1086
2172 5552
2173 1087
2174 5553
2175 1088
2176 5554
2177 1089
2178 5555
2179 1090
2180 5556
2181 1091
2182 5557
2183 1092
2184 5558
2185 1093
2186 5559
2187 1094
2188 5560
2189 1095
2190 5561
2191 1096
2192 5562
2193 1097
2194 5563
2195 1098
2196 5564
2197 1099
2198 5565
2199 1100
2200 5566
2201 1101
2202 5567
2203 1102
2204 5568
2205 1103
2206 5569
2207 1104
2208 5570
2209 1105
2210 5571
2211 1106
2212 5572
2213 1107
2214 5573
2215 1108
2216 5574
2217 1109
2218 5575
2219 1110
2220 5576
2221 1111
2222 5577
2223 1112
2224 5578
2225 1113
2226 5579
2227 1114
2228 5580
2229 1115
2230 5581
2231 1116
2232 5582
2233 1117
2234 5583
2235 1118
2236 5584
2237 1119
2238 5585
2239 1120
2240 5586
2241 1121
2242 5587
2243 1122
2244 5588
2245 1123
2246 5589
2247 1124
2248 5590
2249 1125
2250 5591
2251 1126
2252 5592
2253 1127
2254 5593
2255 1128
2256 5594
2257 1129
2258 5595
2259 1130
2260 5596
2261 1131
2262 5597
2263 1132
2264 5598
2265 1133
2266 5599
2267 1134
2268 5600
2269 1135
2270 5601
2271 1136
2272 5602
2273 1137
2274 5603
2275 1138
2276 5604
2277 1139
2278 5605
2279 1140
2280 5606
2281 1141
2282 5607
2283 1142
2284 5608
2285 1143
2286 5609
2287 1144
2288 5610
2289 1145
2290 5611
2291 1146
2292 5612
2293 1147
2294 5613
2295 1148
2296 5614
2297 1149
2298 5615
2299 1150
2300 5616
2301 1151
2302 5617
2303 1152
2304 5618
2305 1153
2306 5619
2307 1154
2308 5620
2309 1155
2310 5621
2311 1156
2312 5622
2313 1157
2314 5623
2315 1158
2316 5624
2317 1159
2318 5625
2319 1160
2320 5626
2321 1161
2322 5627
2323 1162
2324 5628
2325 1163
2326 5629
2327 1164
2328 5630
2329 1165
2330 5631
2331 1166
2332 5632
2333 1167
2334 5633
2335 1168
2336 5634
2337 1169
2338 5635
2339 1170
2340 5636
2341 1171
2342 5637
2343 1172
2344 5638
2345 1173
2346 5639
2347 1174
2348 5640
2349 1175
2350 5641
2351 1176
2352 5642
2353 1177
2354 5643
2355 1178
2356 5644
2357 1179
2358 5645
2359 1180
2360 5646
2361 1181
2362 5647
2363 1182
2364 5648
2365 1183
2366 5649
2367 1184
2368 5650
2369 1185
2370 5651
2371 1186
2372 5652
2373 1187
2374 5653
2375 1188
2376 5654
2377 1189
2378 5655
2379 1190
2380 5656
2381 1191
2382 5657
2383 1192
2384 5658
2385 1193
2386 5659
2387 1194
2388 5660
2389 1195
2390 5661
2391 1196
2392 5662
2393 1197
2394 5663
2395 1198
2396 5664
2397 1199
2398 5665
2399 1200
2400 5666
2401 1201
2402 5667
2403 1202
2404 5668
2405 1203
2406 5669
2407 1204
2408 5670
2409 1205
2410 5671
2411 1206
2412 5672
2413 1207
2414 5673
2415 1208
2416 5674
2417 1209
2418 5675
2419 1210
2420 5676
2421 1211
2422 5677
2423 1212
2424 5678
2425 1213
2426 5679
2427 1214
2428 5680
2429 1215
2430 5681
2431 1216
2432 5682
2433 1217
2434 5683
2435 1218
2436 5684
2437 1219
2438 5685
2439 1220
2440 5686
2441 1221
2442 5687
2443 1222
2444 5688
2445 1223
2446 5689
2447 1224
2448 5690
2449 1225
2450 5691
2451 1226
2452 5692
2453 1227
2454 5693
2455 1228
2456 5694
2457 1229
2458 5695
2459 1230
2460 5696
2461 1231
2462 5697
2463 1232
2464 5698
2465 1233
2466 5699
2467 1234
2468 5700
2469 1235
2470 5701
2471 1236
2472 5702
2473 1237
2474 5703
2475 1238
2476 5704
2477 1239
2478 5705
2479 1240
2480 5706
2481 1241
2482 5707
2483 1242
2484 5708
2485 1243
2486 5709
2487 1244
2488 5710
2489 1245
2490 5711
2491 1246
2492 5712
2493 1247
2494 5713
2495 1248
2496 5714
2497 1249
2498 5715
2499 1250
2500 5716
2501 1251
2502 5717
2503 1252
2504 5718
2505 1253
2506 5719
2507 1254
2508 5720
2509 1255
2510 5721
2511 1256
2512 5722
2513 1257
2514 5723
2515 1258
2516 5724
2517 1259
2518 5725
2519 1260
2520 5726
2521 1261
2522 5727
2523 1262
2524 5728
2525 1263
2526 5729
2527 1264
2528 5730
2529 1265
2530 5731
2531 1266
2532 5732
2533 1267
2534 5733
2535 1268
2536 5734
2537 1269
2538 5735
2539 1270
2540 5736
2541 1271
2542 5737
2543 1272
2544 5738
2545 1273
2546 5739
2547 1274
2548 5740
2549 1275
2550 5741
2551 1276
2552 5742
2553 1277
2554 5743
2555 1278
2556 5744
2557 1279
2558 5745
2559 1280
2560 5746
2561 1281
2562 5747
2563 1282
2564 5748
2565 1283
2566 5749
2567 1284
2568 5750
2569 1285
2570 5751
2571 1286
2572 5752
2573 1287
2574 5753
2575 1288
2576 5754
2577 1289
2578 5755
2579 1290
2580 5756
2581 1291
2582 5757
2583 1292
2584 5758
2585 1293
2586 5759
2587 1294
2588 5760
2589 1295
2590 5761
2591 1296
2592 5762
2593 1297
2594 5763
2595 1298
2596 5764
2597 1299
2598 5765
2599 1300
2600 5766
2601 1301
2602 5767
2603 1302
2604 5768
2605 1303
2606 5769
2607 1304
2608 5770
2609 1305
2610 5771
2611 1306
2612 5772
2613 1307
2614 5773
2615 1308
2616 5774
2617 1309
2618 5775
2619 1310
2620 5776
2621 1311
2622 5777
2623 1312
2624 5778
2625 1313
2626 5779
2627 1314
2628 5780
2629 1315
2630 5781
2631 1316
2632 5782
2633 1317
2634 5783
2635 1318
2636 5784
2637 1319
2638 5785
2639 1320
2640 5786
2641 1321
2642 5787
2643 1322
2644 5788
2645 1323
2646 5789
2647 1324
2648 5790
2649 1325
2650 5791
2651 1326
2652 5792
2653 1327
2654 5793
2655 1328
2656 5794
2657 1329
2658 5795
2659 1330
2660 5796
2661 1331
2662 5797
2663 1332
2664 5798
2665 1333
2666 5799
2667 1334
2668 5800
2669 1335
2670 5801
2671 1336
2672 5802
2673 1337
2674 5803
2675 1338
2676 5804
2677 1339
2678 5805
2679 1340
2680 5806
2681 1341
2682 5807
2683 1342
2684 5808
2685 1343
2686 5809
2687 1344
2688 5810
2689 1345
2690 5811
2691 1346
2692 5812
2693 1347
2694 5813
2695 1348
2696 5814
2697 1349
2698 5815
2699 1350
2700 5816
2701 1351
2702 5817
2703 1352
2704 5818
2705 1353
2706 5819
2707 1354
2708 5820
2709 1355
2710 5821
2711 1356
2712 5822
2713 1357
2714 5823
2715 1358
2716 5824
2717 1359
2718 5825
2719 1360
2720 5826
2721 1361
2722 5827
2723 1362
2724 5828
2725 1363
2726 5829
2727 1364
2728 5830
2729 1365
2730 5831
2731 1366
2732 5832
2733 1367
2734 5833
2735 1368
2736 5834
2737 1369
2738 5835
2739 1370
2740 5836
2741 1371
2742 5837
2743 1372
2744 5838
2745 1373
2746 5839
2747 1374
2748 5840
2749 1375
2750 5841
2751 1376
2752 5842
2753 1377
2754 5843
2755 1378
2756 5844
2757 1379
2758 5845
2759 1380
2760 5846
2761 1381
2762 5847
2763 1382
2764 5848
2765 1383
2766 5849
2767 1384
2768 5850
2769 1385
2770 5851
2771 1386
2772 5852
2773 1387
2774 5853
2775 1388
2776 5854
2777 1389
2778 5855
2779 1390
2780 5856
2781 1391
2782 5857
2783 1392
2784 5858
2785 1393
2786 5859
2787 1394
2788 5860
2789 1395
2790 5861
2791 1396
2792 5862
2793 1397
2794 5863
2795 1398
2796 5864
2797 1399
2798 5865
2799 1400
2800 5866
2801 1401
2802 5867
2803 1402
2804 5868
2805 1403
2806 5869
2807 1404
2808 5870
2809 1405
2810 5871
2811 1406
2812 5872
2813 1407
2814 5873
2815 1408
2816 5874
2817 1409
2818 5875
2819 1410
2820 5876
2821 1411
2822 5877
2823 1412
2824 5878
2825 1413
2826 5879
2827 1414
2828 5880
2829 1415
2830 5881
2831 1416
2832 5882
2833 1417
2834 5883
2835 1418
2836 5884
2837 1419
2838 5885
2839 1420
2840 5886
2841 1421
2842 5887
2843 1422
2844 5888
2845 1423
2846 5889
2847 1424
2848 5890
2849 1425
2850 5891
2851 1426
2852 5892
2853 1427
2854 5893
2855 1428
2856 5894
2857 1429
2858 5895
2859 1430
2860 5896
2861 1431
2862 5897
2863 1432
2864 5898
2865 1433
2866 5899
2867 1434
2868 5900
2869 1435
2870 5901
2871 1436
2872 5902
2873 1437
2874 5903
2875 1438
2876 5904
2877 1439
2878 5905
2879 1440
2880 5906
2881 1441
2882 5907
2883 1442
2884 5908
2885 1443
2886 5909
2887 1444
2888 5910
2889 1445
2890 5911
2891 1446
2892 5912
2893 1447
2894 5913
2895 1448
2896 5914
2897 1449
2898 5915
2899 1450
2900 5916
2901 1451
2902 5917
2903 1452
2904 5918
2905 1453
2906 5919
2907 1454
2908 5920
2909 1455
2910 5921
2911 1456
2912 5922
2913 1457
2914 5923
2915 1458
2916 5924
2917 1459
2918 5925
2919 1460
2920 5926
2921 1461
2922 5927
2923 1462
2924 5928
2925 1463
2926 5929
2927 1464
2928 5930
2929 1465
2930 5931
2931 1466
2932 5932
2933 1467
2934 5933
2935 1468
2936 5934
2937 1469
2938 5935
2939 1470
2940 5936
2941 1471
2942 5937
2943 1472
2944 5938
2945 1473
2946 5939
2947 1474
2948 5940
2949 1475
2950 5941
2951 1476
2952 5942
2953 1477
2954 5943
2955 1478
2956 5944
2957 1479
2958 5945
2959 1480
2960 5946
2961 1481
2962 5947
2963 1482
2964 5948
2965 1483
2966 5949
2967 1484
2968 5950
2969 1485
2970 5951
2971 1486
2972 5952
2973 1487
2974 5953
2975 1488
2976 5954
2977 1489
2978 5955
2979 1490
2980 5956
2981 1491
2982 5957
2983 1492
2984 5958
2985 1493
2986 5959
2987 1494
2988 5960
2989 1495
2990 5961
2991 1496
2992 5962
2993 1497
2994 5963
2995 1498
2996 5964
2997 1499
2998 5965
2999 1500
3000 5966
3001 1501
3002 5967
3003 1502
3004 5968
3005 1503
3006 5969
3007 1504
3008 5970
3009 1505
3010 5971
3011 1506
3012 5972
3013 1507
3014 5973
3015 1508
3016 5974
3017 1509
3018 5975
3019 1510
3020 5976
3021 1511
3022 5977
3023 1512
3024 5978
3025 1513
3026 5979
3027 1514
3028 5980
3029 1515
3030 5981
3031 1516
3032 5982
3033 1517
3034 5983
3035 1518
3036 5984
3037 1519
3038 5985
3039 1520
3040 5986
3041 1521
3042 5987
3043 1522
3044 5988
3045 1523
3046 5989
3047 1524
3048 5990
3049 1525
3050 5991
3051 1526
3052 5992
3053 1527
3054 5993
3055 1528
3056 5994
3057 1529
3058 5995
3059 1530
3060 5996
3061 1531
3062 5997
3063 1532
3064 5998
3065 1533
3066 5999
3067 1534
3068 6000
3069 1535
3070 6001
3071 1536
3072 6002
3073 1537
3074 6003
3075 1538
3076 6004
3077 1539
3078 6005
3079 1540
3080 6006
3081 1541
3082 6007
3083 1542
3084 6008
3085 1543
3086 6009
3087 1544
3088 6010
3089 1545
3090 6011
3091 1546
3092 6012
3093 1547
3094 6013
3095 1548
3096 6014
3097 1549
3098 6015
3099 1550
3100 6016
3101 1551
3102 6017
3103 1552
3104 6018
3105 1553
3106 6019
3107 1554
3108 6020
3109 1555
3110 6021
3111 1556
3112 6022
3113 1557
3114 6023
3115 1558
3116 6024
3117 1559
3118 6025
3119 1560
3120 6026
3121 1561
3122 6027
3123 1562
3124 6028
3125 1563
3126 6029
3127 1564
3128 6030
3129 1565
3130 6031
3131 1566
3132 6032
3133 1567
3134 6033
3135 1568
3136 6034
3137 1569
3138 6035
3139 1570
3140 6036
3141 1571
3142 6037
3143 1572
3144 6038
3145 1573
3146 6039
3147 1574
3148 6040
3149 1575
3150 6041
3151 1576
3152 6042
3153 1577
3154 6043
3155 1578
3156 6044
3157 1579
3158 6045
3159 1580
3160 6046
3161 1581
3162 6047
3163 1582
3164 6048
3165 1583
3166 6049
3167 1584
3168 6050
3169 1585
3170 6051
3171 1586
3172 6052
3173 1587
3174 6053
3175 1588
3176 6054
3177 1589
3178 6055
3179 1590
3180 6056
3181 1591
3182 6057
3183 1592
3184 6058
3185 1593
3186 6059
3187 1594
3188 6060
3189 1595
3190 6061
3191 1596
3192 6062
3193 1597
3194 6063
3195 1598
3196 6064
3197 1599
3198 6065
3199 1600
3200 6066
3201 1601
3202 6067
3203 1602
3204 6068
3205 1603
3206 6069
3207 1604
3208 6070
3209 1605
3210 6071
3211 1606
3212 6072
3213 1607
3214 6073
3215 1608
3216 6074
3217 1609
3218 6075
3219 1610
3220 6076
3221 1611
3222 6077
3223 1612
3224 6078
3225 1613
3226 6079
3227 1614
3228 6080
3229 1615
3230 6081
3231 1616
3232 6082
3233 1617
3234 6083
3235 1618
3236 6084
3237 1619
3238 6085
3239 1620
3240 6086
3241 1621
3242 6087
3243 1622
3244 6088
3245 1623
3246 6089
3247 1624
3248 6090
3249 1625
3250 6091
3251 1626
3252 6092
3253 1627
3254 6093
3255 1628
3256 6094
3257 1629
3258 6095
3259 1630
3260 6096
3261 1631
3262 6097
3263 1632
3264 6098
3265 1633
3266 6099
3267 1634
3268 6100
3269 1635
3270 6101
3271 1636
3272 6102
3273 1637
3274 6103
3275 1638
3276 6104
3277 1639
3278 6105
3279 1640
3280 6106
3281 1641
3282 6107
3283 1642
3284 6108
3285 1643
3286 6109
3287 1644
3288 6110
3289 1645
3290 6111
3291 1646
3292 6112
3293 1647
3294 6113
3295 1648
3296 6114
3297 1649
3298 6115
3299 1650
3300 6116
3301 1651
3302 6117
3303 1652
3304 6118
3305 1653
3306 6119
3307 1654
3308 6120
3309 1655
3310 6121
3311 1656
3312 6122
3313 1657
3314 6123
3315 1658
3316 6124
3317 1659
3318 6125
3319 1660
3320 6126
3321 1661
3322 6127
3323 1662
3324 6128
3325 1663
3326 6129
3327 1664
3328 6130
3329 1665
3330 6131
3331 1666
3332 6132
3333 1667
3334 6133
3335 1668
3336 6134
3337 1669
3338 6135
3339 1670
3340 6136
3341 1671
3342 6137
3343 1672
3344 6138
3345 1673
3346 6139
3347 1674
3348 6140
3349 1675
3350 6141
3351 1676
3352 6142
3353 1677
3354 6143
3355 1678
3356 6144
3357 1679
3358 6145
3359 1680
3360 6146
3361 1681
3362 6147
3363 1682
3364 6148
3365 1683
3366 6149
3367 1684
3368 6150
3369 1685
3370 6151
3371 1686
3372 6152
3373 1687
3374 6153
3375 1688
3376 6154
3377 1689
3378 6155
3379 1690
3380 6156
3381 1691
3382 6157
3383 1692
3384 6158
3385 1693
3386 6159
3387 1694
3388 6160
3389 1695
3390 6161
3391 1696
3392 6162
3393 1697
3394 6163
3395 1698
3396 6164
3397 1699
3398 6165
3399 1700
3400 6166
3401 1701
3402 6167
3403 1702
3404 6168
3405 1703
3406 6169
3407 1704
3408 6170
3409 1705
3410 6171
3411 1706
3412 6172
3413 1707
3414 6173
3415 1708
3416 6174
3417 1709
3418 6175
3419 1710
3420 6176
3421 1711
3422 6177
3423 1712
3424 6178
3425 1713
3426 6179
3427 1714
3428 6180
3429 1715
3430 6181
3431 1716
3432 6182
3433 1717
3434 6183
3435 1718
3436 6184
3437 1719
3438 6185
3439 1720
3440 6186
3441 1721
3442 6187
3443 1722
3444 6188
3445 1723
3446 6189
3447 1724
3448 6190
3449 1725
3450 6191
3451 1726
3452 6192
3453 1727
3454 6193
3455 1728
3456 6194
3457 1729
3458 6195
3459 1730
3460 6196
3461 1731
3462 6197
3463 1732
3464 6198
3465 1733
3466 6199
3467 1734
3468 6200
3469 1735
3470 6201
3471 1736
3472 6202
3473 1737
3474 6203
3475 1738
3476 6204
3477 1739
3478 6205
3479 1740
3480 6206
3481 1741
3482 6207
3483 1742
3484 6208
3485 1743
3486 6209
3487 1744
3488 6210
3489 1745
3490 6211
3491 1746
3492 6212
3493 1747
3494 6213
3495 1748
3496 6214
3497 1749
3498 6215
3499 1750
3500 6216
3501 1751
3502 6217
3503 1752
3504 6218
3505 1753
3506 6219
3507 1754
3508 6220
3509 1755
3510 6221
3511 1756
3512 6222
3513 1757
3514 6223
3515 1758
3516 6224
3517 1759
3518 6225
3519 1760
3520 6226
3521 1761
3522 6227
3523 1762
3524 6228
3525 1763
3526 6229
3527 1764
3528 6230
3529 1765
3530 6231
3531 1766
3532 6232
3533 1767
3534 6233
3535 1768
3536 6234
3537 1769
3538 6235
3539 1770
3540 6236
3541 1771
3542 6237
3543 1772
3544 6238
3545 1773
3546 6239
3547 1774
3548 6240
3549 1775
3550 6241
3551 1776
3552 6242
3553 1777
3554 6243
3555 1778
3556 6244
3557 1779
3558 6245
3559 1780
3560 6246
3561 1781
3562 6247
3563 1782
3564 6248
3565 1783
3566 6249
3567 1784
3568 6250
3569 1785
3570 6251
3571 1786
3572 6252
3573 1787
3574 6253
3575 1788
3576 6254
3577 1789
3578 6255
3579 1790
3580 6256
3581 1791
3582 6257
3583 1792
3584 6258
3585 1793
3586 6259
3587 1794
3588 6260
3589 1795
3590 6261
3591 1796
3592 6262
3593 1797
3594 6263
3595 1798
3596 6264
3597 1799
3598 6265
3599 1800
3600 6266
3601 1801
3602 6267
3603 1802
3604 6268
3605 1803
3606 6269
3607 1804
3608 6270
3609 1805
3610 6271
3611 1806
3612 6272
3613 1807
3614 6273
3615 1808
3616 6274
3617 1809
3618 6275
3619 1810
3620 6276
3621 1811
3622 6277
3623 1812
3624 6278
3625 1813
3626 6279
3627 1814
3628 6280
3629 1815
3630 6281
3631 1816
3632 6282
3633 1817
3634 6283
3635 1818
3636 6284
3637 1819
3638 6285
3639 1820
3640 6286
3641 1821
3642 6287
3643 1822
3644 6288
3645 1823
3646 6289
3647 1824
3648 6290
3649 1825
3650 6291
3651 1826
3652 6292
3653 1827
3654 6293
3655 1828
3656 6294
3657 1829
3658 6295
3659 1830
3660 6296
3661 1831
3662 6297
3663 1832
3664 6298
3665 1833
3666 6299
3667 1834
3668 6300
3669 1835
3670 6301
3671 1836
3672 6302
3673 1837
3674 6303
3675 1838
3676 6304
3677 1839
3678 6305
3679 1840
3680 6306
3681 1841
3682 6307
3683 1842
3684 6308
3685 1843
3686 6309
3687 1844
3688 6310
3689 1845
3690 6311
3691 1846
3692 6312
3693 1847
3694 6313
3695 1848
3696 6314
3697 1849
3698 6315
3699 1850
3700 6316
3701 1851
3702 6317
3703 1852
3704 6318
3705 1853
3706 6319
3707 1854
3708 6320
3709 1855
3710 6321
3711 1856
3712 6322
3713 1857
3714 6323
3715 1858
3716 6324
3717 1859
3718 6325
3719 1860
3720 6326
3721 1861
3722 6327
3723 1862
3724 6328
3725 1863
3726 6329
3727 1864
3728 6330
3729 1865
3730 6331
3731 1866
3732 6332
3733 1867
3734 6333
3735 1868
3736 6334
3737 1869
3738 6335
3739 1870
3740 6336
3741 1871
3742 6337
3743 1872
3744 6338
3745 1873
3746 6339
3747 1874
3748 6340
3749 1875
3750 6341
3751 1876
3752 6342
3753 1877
3754 6343
3755 1878
3756 6344
3757 1879
3758 6345
3759 1880
3760 6346
3761 1881
3762 6347
3763 1882
3764 6348
3765 1883
3766 6349
3767 1884
3768 6350
3769 1885
3770 6351
3771 1886
3772 6352
3773 1887
3774 6353
3775 1888
3776 6354
3777 1889
3778 6355
3779 1890
3780 6356
3781 1891
3782 6357
3783 1892
3784 6358
3785 1893
3786 6359
3787 1894
3788 6360
3789 1895
3790 6361
3791 1896
3792 6362
3793 1897
3794 6363
3795 1898
3796 6364
3797 1899
3798 6365
3799 1900
3800 6366
3801 1901
3802 6367
3803 1902
3804 6368
3805 1903
3806 6369
3807 1904
3808 6370
3809 1905
3810 6371
3811 1906
3812 6372
3813 1907
3814 6373
3815 1908
3816 6374
3817 1909
3818 6375
3819 1910
3820 6376
3821 1911
3822 6377
3823 1912
3824 6378
3825 1913
3826 6379
3827 1914
3828 6380
3829 1915
3830 6381
3831 1916
3832 6382
3833 1917
3834 6383
3835 1918
3836 6384
3837 1919
3838 6385
3839 1920
3840 6386
3841 1921
3842 6387
3843 1922
3844 6388
3845 1923
3846 6389
3847 1924
3848 6390
3849 1925
3850 6391
3851 1926
3852 6392
3853 1927
3854 6393
3855 1928
3856 6394
3857 1929
3858 6395
3859 1930
3860 6396
3861 1931
3862 6397
3863 1932
3864 6398
3865 1933
3866 6399
3867 1934
3868 6400
3869 1935
3870 6401
3871 1936
3872 6402
3873 1937
3874 6403
3875 1938
3876 6404
3877 1939
3878 6405
3879 1940
3880 6406
3881 1941
3882 6407
3883 1942
3884 6408
3885 1943
3886 6409
3887 1944
3888 6410
3889 1945
3890 6411
3891 1946
3892 6412
3893 1947
3894 6413
3895 1948
3896 6414
3897 1949
3898 6415
3899 1950
3900 6416
3901 1951
3902 6417
3903 1952
3904 6418
3905 1953
3906 6419
3907 1954
3908 6420
3909 1955
3910 6421
3911 1956
3912 6422
3913 1957
3914 6423
3915 1958
3916 6424
3917 1959
3918 6425
3919 1960
3920 6426
3921 1961
3922 6427
3923 1962
3924 6428
3925 1963
3926 6429
3927 1964
3928 6430
3929 1965
3930 6431
3931 1966
3932 6432
3933 1967
3934 6433
3935 1968
3936 6434
3937 1969
3938 6435
3939 1970
3940 6436
3941 1971
3942 6437
3943 1972
3944 6438
3945 1973
3946 6439
3947 1974
3948 6440
3949 1975
3950 6441
3951 1976
3952 6442
3953 1977
3954 6443
3955 1978
3956 6444
3957 1979
3958 6445
3959 1980
3960 6446
3961 1981
3962 6447
3963 1982
3964 6448
3965 1983
3966 6449
3967 1984
3968 6450
3969 1985
3970 6451
3971 1986
3972 6452
3973 1987
3974 6453
3975 1988
3976 6454
3977 1989
3978 6455
3979 1990
3980 6456
3981 1991
3982 6457
3983 1992
3984 6458
3985 1993
3986 6459
3987 1994
3988 6460
3989 1995
3990 6461
3991 1996
3992 6462
3993 1997
3994 6463
3995 1998
3996 6464
3997 1999
3998 6465
3999 2000
4000 6466
4001 2001
4002 6467
4003 2002
4004 6468
4005 2003
4006 6469
4007 2004
4008 6470
4009 2005
4010 6471
4011 2006
4012 6472
4013 2007
4014 6473
4015 2008
4016 6474
4017 2009
4018 6475
4019 2010
4020 6476
4021 2011
4022 6477
4023 2012
4024 6478
4025 2013
4026 6479
4027 2014
4028 6480
4029 2015
4030 6481
4031 2016
4032 6482
4033 2017
4034 6483
4035 2018
4036 6484
4037 2019
4038 6485
4039 2020
4040 6486
4041 2021
4042 6487
4043 2022
4044 6488
4045 2023
4046 6489
4047 2024
4048 6490
4049 2025
4050 6491
4051 2026
4052 6492
4053 2027
4054 6493
4055 2028
4056 6494
4057 2029
4058 6495
4059 2030
4060 6496
4061 2031
4062 6497
4063 2032
4064 6498
4065 2033
4066 6499
4067 2034
4068 6500
4069 2035
4070 6501
4071 2036
4072 6502
4073 2037
4074 6503
4075 2038
4076 6504
4077 2039
4078 6505
4079 2040
4080 6506
4081 2041
4082 6507
4083 2042
4084 6508
4085 2043
4086 6509
4087 2044
4088 6510
4089 2045
4090 6511
4091 2046
4092 6512
4093 2047
4094 6513
4095 2048
4096 6514
4097 2049
4098 6515
4099 2050
4100 6516
4101 2051
4102 6517
4103 2052
4104 6518
4105 2053
4106 6519
4107 2054
4108 6520
4109 2055
4110 6521
4111 2056
4112 6522
4113 2057
4114 6523
4115 2058
4116 6524
4117 2059
4118 6525
4119 2060
4120 6526
4121 2061
4122 6527
4123 2062
4124 6528
4125 2063
4126 6529
4127 2064
4128 6530
4129 2065
4130 6531
4131 2066
4132 6532
4133 2067
4134 6533
4135 2068
4136 6534
4137 2069
4138 6535
4139 2070
4140 6536
4141 2071
4142 6537
4143 2072
4144 6538
4145 2073
4146 6539
4147 2074
4148 6540
4149 2075
4150 6541
4151 2076
4152 6542
4153 2077
4154 6543
4155 2078
4156 6544
4157 2079
4158 6545
4159 2080
4160 6546
4161 2081
4162 6547
4163 2082
4164 6548
4165 2083
4166 6549
4167 2084
4168 6550
4169 2085
4170 6551
4171 2086
4172 6552
4173 2087
4174 6553
4175 2088
4176 6554
4177 2089
4178 6555
4179 2090
4180 6556
4181 2091
4182 6557
4183 2092
4184 6558
4185 2093
4186 6559
4187 2094
4188 6560
4189 2095
4190 6561
4191 2096
4192 6562
4193 2097
4194 6563
4195 2098
4196 6564
4197 2099
4198 6565
4199 2100
4200 6566
4201 2101
4202 6567
4203 2102
4204 6568
4205 2103
4206 6569
4207 2104
4208 6570
4209 2105
4210 6571
4211 2106
4212 6572
4213 2107
4214 6573
4215 2108
4216 6574
4217 2109
4218 6575
4219 2110
4220 6576
4221 2111
4222 6577
4223 2112
4224 6578
4225 2113
4226 6579
4227 2114
4228 6580
4229 2115
4230 6581
4231 2116
4232 6582
4233 2117
4234 6583
4235 2118
4236 6584
4237 2119
4238 6585
4239 2120
4240 6586
4241 2121
4242 6587
4243 2122
4244 6588
4245 2123
4246 6589
4247 2124
4248 6590
4249 2125
4250 6591
4251 2126
4252 6592
4253 2127
4254 6593
4255 2128
4256 6594
4257 2129
4258 6595
4259 2130
4260 6596
4261 2131
4262 6597
4263 2132
4264 6598
4265 2133
4266 6599
4267 2134
4268 6600
4269 2135
4270 6601
4271 2136
4272 6602
4273 2137
4274 6603
4275 2138
4276 6604
4277 2139
4278 6605
4279 2140
4280 6606
4281 2141
4282 6607
4283 2142
4284 6608
4285 2143
4286 6609
4287 2144
4288 6610
4289 2145
4290 6611
4291 2146
4292 6612
4293 2147
4294 6613
4295 2148
4296 6614
4297 2149
4298 6615
4299 2150
4300 6616
4301 2151
4302 6617
4303 2152
4304 6618
4305 2153
4306 6619
4307 2154
4308 6620
4309 2155
4310 6621
4311 2156
4312 6622
4313 2157
4314 6623
4315 2158
4316 6624
4317 2159
4318 6625
4319 2160
4320 6626
4321 2161
4322 6627
4323 2162
4324 6628
4325 2163
4326 6629
4327 2164
4328 6630
4329 2165
4330 6631
4331 2166
4332 6632
4333 2167
4334 6633
4335 2168
4336 6634
4337 2169
4338 6635
4339 2170
4340 6636
4341 2171
4342 6637
4343 2172
4344 6638
4345 2173
4346 6639
4347 2174
4348 6640
4349 2175
4350 6641
4351 2176
4352 6642
4353 2177
4354 6643
4355 2178
4356 6644
4357 2179
4358 6645
4359 2180
4360 6646
4361 2181
4362 6647
4363 2182
4364 6648
4365 2183
4366 6649
4367 2184
4368 6650
4369 2185
4370 6651
4371 2186
4372 6652
4373 2187
4374 6653
4375 2188
4376 6654
4377 2189
4378 6655
4379 2190
4380 6656
4381 2191
4382 6657
4383 2192
4384 6658
4385 2193
4386 6659
4387 2194
4388 6660
4389 2195
4390 6661
4391 2196
4392 6662
4393 2197
4394 6663
4395 2198
4396 6664
4397 2199
4398 6665
4399 2200
4400 6666
4401 2201
4402 6667
4403 2202
4404 6668
4405 2203
4406 6669
4407 2204
4408 6670
4409 2205
4410 6671
4411 2206
4412 6672
4413 2207
4414 6673
4415 2208
4416 6674
4417 2209
4418 6675
4419 2210
4420 6676
4421 2211
4422 6677
4423 2212
4424 6678
4425 2213
4426 6679
4427 2214
4428 6680
4429 2215
4430 6681
4431 2216
4432 6682
4433 2217
4434 6683
4435 2218
4436 6684
4437 2219
4438 6685
4439 2220
4440 6686
4441 2221
4442 6687
4443 2222
4444 6688
4445 2223
4446 6689
4447 2224
4448 6690
4449 2225
4450 6691
4451 2226
4452 6692
4453 2227
4454 6693
4455 2228
4456 6694
4457 2229
4458 6695
4459 2230
4460 6696
4461 2231
4462 6697
4463 2232
4464 6698
4465 2233
4466 6699
4467 2234
4468 6700
4469 2235
4470 6701
4471 2236
4472 6702
4473 2237
4474 6703
4475 2238
4476 6704
4477 2239
4478 6705
4479 2240
4480 6706
4481 2241
4482 6707
4483 2242
4484 6708
4485 2243
4486 6709
4487 2244
4488 6710
4489 2245
4490 6711
4491 2246
4492 6712
4493 2247
4494 6713
4495 2248
4496 6714
4497 2249
4498 6715
4499 2250
4500 6716
4501 2251
4502 6717
4503 2252
4504 6718
4505 2253
4506 6719
4507 2254
4508 6720
4509 2255
4510 6721
4511 2256
4512 6722
4513 2257
4514 6723
4515 2258
4516 6724
4517 2259
4518 6725
4519 2260
4520 6726
4521 2261
4522 6727
4523 2262
4524 6728
4525 2263
4526 6729
4527 2264
4528 6730
4529 2265
4530 6731
4531 2266
4532 6732
4533 2267
4534 6733
4535 2268
4536 6734
4537 2269
4538 6735
4539 2270
4540 6736
4541 2271
4542 6737
4543 2272
4544 6738
4545 2273
4546 6739
4547 2274
4548 6740
4549 2275
4550 6741
4551 2276
4552 6742
4553 2277
4554 6743
4555 2278
4556 6744
4557 2279
4558 6745
4559 2280
4560 6746
4561 2281
4562 6747
4563 2282
4564 6748
4565 2283
4566 6749
4567 2284
4568 6750
4569 2285
4570 6751
4571 2286
4572 6752
4573 2287
4574 6753
4575 2288
4576 6754
4577 2289
4578 6755
4579 2290
4580 6756
4581 2291
4582 6757
4583 2292
4584 6758
4585 2293
4586 6759
4587 2294
4588 6760
4589 2295
4590 6761
4591 2296
4592 6762
4593 2297
4594 6763
4595 2298
4596 6764
4597 2299
4598 6765
4599 2300
4600 6766
4601 2301
4602 6767
4603 2302
4604 6768
4605 2303
4606 6769
4607 2304
4608 6770
4609 2305
4610 6771
4611 2306
4612 6772
4613 2307
4614 6773
4615 2308
4616 6774
4617 2309
4618 6775
4619 2310
4620 6776
4621 2311
4622 6777
4623 2312
4624 6778
4625 2313
4626 6779
4627 2314
4628 6780
4629 2315
4630 6781
4631 2316
4632 6782
4633 2317
4634 6783
4635 2318
4636 6784
4637 2319
4638 6785
4639 2320
4640 6786
4641 2321
4642 6787
4643 2322
4644 6788
4645 2323
4646 6789
4647 2324
4648 6790
4649 2325
4650 6791
4651 2326
4652 6792
4653 2327
4654 6793
4655 2328
4656 6794
4657 2329
4658 6795
4659 2330
4660 6796
4661 2331
4662 6797
4663 2332
4664 6798
4665 2333
4666 6799
4667 2334
4668 6800
4669 2335
4670 6801
4671 2336
4672 6802
4673 2337
4674 6803
4675 2338
4676 6804
4677 2339
4678 6805
4679 2340
4680 6806
4681 2341
4682 6807
4683 2342
4684 6808
4685 2343
4686 6809
4687 2344
4688 6810
4689 2345
4690 6811
4691 2346
4692 6812
4693 2347
4694 6813
4695 2348
4696 6814
4697 2349
4698 6815
4699 2350
4700 6816
4701 2351
4702 6817
4703 2352
4704 6818
4705 2353
4706 6819
4707 2354
4708 6820
4709 2355
4710 6821
4711 2356
4712 6822
4713 2357
4714 6823
4715 2358
4716 6824
4717 2359
4718 6825
4719 2360
4720 6826
4721 2361
4722 6827
4723 2362
4724 6828
4725 2363
4726 6829
4727 2364
4728 6830
4729 2365
4730 6831
4731 2366
4732 6832
4733 2367
4734 6833
4735 2368
4736 6834
4737 2369
4738 6835
4739 2370
4740 6836
4741 2371
4742 6837
4743 2372
4744 6838
4745 2373
4746 6839
4747 2374
4748 6840
4749 2375
4750 6841
4751 2376
4752 6842
4753 2377
4754 6843
4755 2378
4756 6844
4757 2379
4758 6845
4759 2380
4760 6846
4761 2381
4762 6847
4763 2382
4764 6848
4765 2383
4766 6849
4767 2384
4768 6850
4769 2385
4770 6851
4771 2386
4772 6852
4773 2387
4774 6853
4775 2388
4776 6854
4777 2389
4778 6855
4779 2390
4780 6856
4781 2391
4782 6857
4783 2392
4784 6858
4785 2393
4786 6859
4787 2394
4788 6860
4789 2395
4790 6861
4791 2396
4792 6862
4793 2397
4794 6863
4795 2398
4796 6864
4797 2399
4798 6865
4799 2400
4800 6866
4801 2401
4802 6867
4803 2402
4804 6868
4805 2403
4806 6869
4807 2404
4808 6870
4809 2405
4810 6871
4811 2406
4812 6872
4813 2407
4814 6873
4815 2408
4816 6874
4817 2409
4818 6875
4819 2410
4820 6876
4821 2411
4822 6877
4823 2412
4824 6878
4825 2413
4826 6879
4827 2414
4828 6880
4829 2415
4830 6881
4831 2416
4832 6882
4833 2417
4834 6883
4835 2418
4836 6884
4837 2419
4838 6885
4839 2420
4840 6886
4841 2421
4842 6887
4843 2422
4844 6888
4845 2423
4846 6889
4847 2424
4848 6890
4849 2425
4850 6891
4851 2426
4852 6892
4853 2427
4854 6893
4855 2428
4856 6894
4857 2429
4858 6895
4859 2430
4860 6896
4861 2431
4862 6897
4863 2432
4864 6898
4865 2433
4866 6899
4867 2434
4868 6900
4869 2435
4870 6901
4871 2436
4872 6902
4873 2437
4874 6903
4875 2438
4876 6904
4877 2439
4878 6905
4879 2440
4880 6906
4881 2441
4882 6907
4883 2442
4884 6908
4885 2443
4886 6909
4887 2444
4888 6910
4889 2445
4890 6911
4891 2446
4892 6912
4893 2447
4894 6913
4895 2448
4896 6914
4897 2449
4898 6915
4899 2450
4900 6916
4901 2451
4902 6917
4903 2452
4904 6918
4905 2453
4906 6919
4907 2454
4908 6920
4909 2455
4910 6921
4911 2456
4912 6922
4913 2457
4914 6923
4915 2458
4916 6924
4917 2459
4918 6925
4919 2460
4920 6926
4921 2461
4922 6927
4923 2462
4924 6928
4925 2463
4926 6929
4927 2464
4928 6930
4929 2465
4930 6931
4931 2466
4932 6932
4933 2467
4934 6933
4935 2468
4936 6934
4937 2469
4938 6935
4939 2470
4940 6936
4941 2471
4942 6937
4943 2472
4944 6938
4945 2473
4946 6939
4947 2474
4948 6940
4949 2475
4950 6941
4951 2476
4952 6942
4953 2477
4954 6943
4955 2478
4956 6944
4957 2479
4958 6945
4959 2480
4960 6946
4961 2481
4962 6947
4963 2482
4964 6948
4965 2483
4966 6949
4967 2484
4968 6950
4969 2485
4970 6951
4971 2486
4972 6952
4973 2487
4974 6953
4975 2488
4976 6954
4977 2489
4978 6955
4979 2490
4980 6956
4981 2491
4982 6957
4983 2492
4984 6958
4985 2493
4986 6959
4987 2494
4988 6960
4989 2495
4990 6961
4991 2496
4992 6962
4993 2497
4994 6963
4995 2498
4996 6964
4997 2499
4998 6965
4999 2500
5000 6966
5001 2501
5002 6967
5003 2502
5004 6968
5005 2503
5006 6969
5007 2504
5008 6970
5009 2505
5010 6971
5011 2506
5012 6972
5013 2507
5014 6973
5015 2508
5016 6974
5017 2509
5018 6975
5019 2510
5020 6976
5021 2511
5022 6977
5023 2512
5024 6978
5025 2513
5026 6979
5027 2514
5028 6980
5029 2515
5030 6981
5031 2516
5032 6982
5033 2517
5034 6983
5035 2518
5036 6984
5037 2519
5038 6985
5039 2520
5040 6986
5041 2521
5042 6987
5043 2522
5044 6988
5045 2523
5046 6989
5047 2524
5048 6990
5049 2525
5050 6991
5051 2526
5052 6992
5053 2527
5054 6993
5055 2528
5056 6994
5057 2529
5058 6995
5059 2530
5060 6996
5061 2531
5062 6997
5063 2532
5064 6998
5065 2533
5066 6999
5067 2534
5068 7000
5069 2535
5070 7001
5071 2536
5072 7002
5073 2537
5074 7003
5075 2538
5076 7004
5077 2539
5078 7005
5079 2540
5080 7006
5081 2541
5082 7007
5083 2542
5084 7008
5085 2543
5086 7009
5087 2544
5088 7010
5089 2545
5090 7011
5091 2546
5092 7012
5093 2547
5094 7013
5095 2548
5096 7014
5097 2549
5098 7015
5099 2550
5100 7016
5101 2551
5102 7017
5103 2552
5104 7018
5105 2553
5106 7019
5107 2554
5108 7020
5109 2555
5110 7021
5111 2556
5112 7022
5113 2557
5114 7023
5115 2558
5116 7024
5117 2559
5118 7025
5119 2560
5120 7026
5121 2561
5122 7027
5123 2562
5124 7028
5125 2563
5126 7029
5127 2564
5128 7030
5129 2565
5130 7031
5131 2566
5132 7032
5133 2567
5134 7033
5135 2568
5136 7034
5137 2569
5138 7035
5139 2570
5140 7036
5141 2571
5142 7037
5143 2572
5144 7038
5145 2573
5146 7039
5147 2574
5148 7040
5149 2575
5150 7041
5151 2576
5152 7042
5153 2577
5154 7043
5155 2578
5156 7044
5157 2579
5158 7045
5159 2580
5160 7046
5161 2581
5162 7047
5163 2582
5164 7048
5165 2583
5166 7049
5167 2584
5168 7050
5169 2585
5170 7051
5171 2586
5172 7052
5173 2587
5174 7053
5175 2588
5176 7054
5177 2589
5178 7055
5179 2590
5180 7056
5181 2591
5182 7057
5183 2592
5184 7058
5185 2593
5186 7059
5187 2594
5188 7060
5189 2595
5190 7061
5191 2596
5192 7062
5193 2597
5194 7063
5195 2598
5196 7064
5197 2599
5198 7065
5199 2600
5200 7066
5201 2601
5202 7067
5203 2602
5204 7068
5205 2603
5206 7069
5207 2604
5208 7070
5209 2605
5210 7071
5211 2606
5212 7072
5213 2607
5214 7073
5215 2608
5216 7074
5217 2609
5218 7075
5219 2610
5220 7076
5221 2611
5222 7077
5223 2612
5224 7078
5225 2613
5226 7079
5227 2614
5228 7080
5229 2615
5230 7081
5231 2616
5232 7082
5233 2617
5234 7083
5235 2618
5236 7084
5237 2619
5238 7085
5239 2620
5240 7086
5241 2621
5242 7087
5243 2622
5244 7088
5245 2623
5246 7089
5247 2624
5248 7090
5249 2625
5250 7091
5251 2626
5252 7092
5253 2627
5254 7093
5255 2628
5256 7094
5257 2629
5258 7095
5259 2630
5260 7096
5261 2631
5262 7097
5263 2632
5264 7098
5265 2633
5266 7099
5267 2634
5268 7100
5269 2635
5270 7101
5271 2636
5272 7102
5273 2637
5274 7103
5275 2638
5276 7104
5277 2639
5278 7105
5279 2640
5280 7106
5281 2641
5282 7107
5283 2642
5284 7108
5285 2643
5286 7109
5287 2644
5288 7110
5289 2645
5290 7111
5291 2646
5292 7112
5293 2647
5294 7113
5295 2648
5296 7114
5297 2649
5298 7115
5299 2650
5300 7116
5301 2651
5302 7117
5303 2652
5304 7118
5305 2653
5306 7119
5307 2654
5308 7120
5309 2655
5310 7121
5311 2656
5312 7122
5313 2657
5314 7123
5315 2658
5316 7124
5317 2659
5318 7125
5319 2660
5320 7126
5321 2661
5322 7127
5323 2662
5324 7128
5325 2663
5326 7129
5327 2664
5328 7130
5329 2665
5330 7131
5331 2666
5332 7132
5333 2667
5334 7133
5335 2668
5336 7134
5337 2669
5338 7135
5339 2670
5340 7136
5341 2671
5342 7137
5343 2672
5344 7138
5345 2673
5346 7139
5347 2674
5348 7140
5349 2675
5350 7141
5351 2676
5352 7142
5353 2677
5354 7143
5355 2678
5356 7144
5357 2679
5358 7145
5359 2680
5360 7146
5361 2681
5362 7147
5363 2682
5364 7148
5365 2683
5366 7149
5367 2684
5368 7150
5369 2685
5370 7151
5371 2686
5372 7152
5373 2687
5374 7153
5375 2688
5376 7154
5377 2689
5378 7155
5379 2690
5380 7156
5381 2691
5382 7157
5383 2692
5384 7158
5385 2693
5386 7159
5387 2694
5388 7160
5389 2695
5390 7161
5391 2696
5392 7162
5393 2697
5394 7163
5395 2698
5396 7164
5397 2699
5398 7165
5399 2700
5400 7166
5401 2701
5402 7167
5403 2702
5404 7168
5405 2703
5406 7169
5407 2704
5408 7170
5409 2705
5410 7171
5411 2706
5412 7172
5413 2707
5414 7173
5415 2708
5416 7174
5417 2709
5418 7175
5419 2710
5420 7176
5421 2711
5422 7177
5423 2712
5424 7178
5425 2713
5426 7179
5427 2714
5428 7180
5429 2715
5430 7181
5431 2716
5432 7182
5433 2717
5434 7183
5435 2718
5436 7184
5437 2719
5438 7185
5439 2720
5440 7186
5441 2721
5442 7187
5443 2722
5444 7188
5445 2723
5446 7189
5447 2724
5448 7190
5449 2725
5450 7191
5451 2726
5452 7192
5453 2727
5454 7193
5455 2728
5456 7194
5457 2729
5458 7195
5459 2730
5460 7196
5461 2731
5462 7197
5463 2732
5464 7198
5465 2733
5466 7199
5467 2734
5468 7200
5469 2735
5470 7201
5471 2736
5472 7202
5473 2737
5474 7203
5475 2738
5476 7204
5477 2739
5478 7205
5479 2740
5480 7206
5481 2741
5482 7207
5483 2742
5484 7208
5485 2743
5486 7209
5487 2744
5488 7210
5489 2745
5490 7211
5491 2746
5492 7212
5493 2747
5494 7213
5495 2748
5496 7214
5497 2749
5498 7215
5499 2750
5500 7216
5501 2751
5502 7217
5503 2752
5504 7218
5505 2753
5506 7219
5507 2754
5508 7220
5509 2755
5510 7221
5511 2756
5512 7222
5513 2757
5514 7223
5515 2758
5516 7224
5517 2759
5518 7225
5519 2760
5520 7226
5521 2761
5522 7227
5523 2762
5524 7228
5525 2763
5526 7229
5527 2764
5528 7230
5529 2765
5530 7231
5531 2766
5532 7232
5533 2767
5534 7233
5535 2768
5536 7234
5537 2769
5538 7235
5539 2770
5540 7236
5541 2771
5542 7237
5543 2772
5544 7238
5545 2773
5546 7239
5547 2774
5548 7240
5549 2775
5550 7241
5551 2776
5552 7242
5553 2777
5554 7243
5555 2778
5556 7244
5557 2779
5558 7245
5559 2780
5560 7246
5561 2781
5562 7247
5563 2782
5564 7248
5565 2783
5566 7249
5567 2784
5568 7250
5569 2785
5570 7251
5571 2786
5572 7252
5573 2787
5574 7253
5575 2788
5576 7254
5577 2789
5578 7255
5579 2790
5580 7256
5581 2791
5582 7257
5583 2792
5584 7258
5585 2793
5586 7259
5587 2794
5588 7260
5589 2795
5590 7261
5591 2796
5592 7262
5593 2797
5594 7263
5595 2798
5596 7264
5597 2799
5598 7265
5599 2800
5600 7266
5601 2801
5602 7267
5603 2802
5604 7268
5605 2803
5606 7269
5607 2804
5608 7270
5609 2805
5610 7271
5611 2806
5612 7272
5613 2807
5614 7273
5615 2808
5616 7274
5617 2809
5618 7275
5619 2810
5620 7276
5621 2811
5622 7277
5623 2812
5624 7278
5625 2813
5626 7279
5627 2814
5628 7280
5629 2815
5630 7281
5631 2816
5632 7282
5633 2817
5634 7283
5635 2818
5636 7284
5637 2819
5638 7285
5639 2820
5640 7286
5641 2821
5642 7287
5643 2822
5644 7288
5645 2823
5646 7289
5647 2824
5648 7290
5649 2825
5650 7291
5651 2826
5652 7292
5653 2827
5654 7293
5655 2828
5656 7294
5657 2829
5658 7295
5659 2830
5660 7296
5661 2831
5662 7297
5663 2832
5664 7298
5665 2833
5666 7299
5667 2834
5668 7300
5669 2835
5670 7301
5671 2836
5672 7302
5673 2837
5674 7303
5675 2838
5676 7304
5677 2839
5678 7305
5679 2840
5680 7306
5681 2841
5682 7307
5683 2842
5684 7308
5685 2843
5686 7309
5687 2844
5688 7310
5689 2845
5690 7311
5691 2846
5692 7312
5693 2847
5694 7313
5695 2848
5696 7314
5697 2849
5698 7315
5699 2850
5700 7316
5701 2851
5702 7317
5703 2852
5704 7318
5705 2853
5706 7319
5707 2854
5708 7320
5709 2855
5710 7321
5711 2856
5712 7322
5713 2857
5714 7323
5715 2858
5716 7324
5717 2859
5718 7325
5719 2860
5720 7326
5721 2861
5722 7327
5723 2862
5724 7328
5725 2863
5726 7329
5727 2864
5728 7330
5729 2865
5730 7331
5731 2866
5732 7332
5733 2867
5734 7333
5735 2868
5736 7334
5737 2869
5738 7335
5739 2870
5740 7336
5741 2871
5742 7337
5743 2872
5744 7338
5745 2873
5746 7339
5747 2874
5748 7340
5749 2875
5750 7341
5751 2876
5752 7342
5753 2877
5754 7343
5755 2878
5756 7344
5757 2879
5758 7345
5759 2880
5760 7346
5761 2881
5762 7347
5763 2882
5764 7348
5765 2883
5766 7349
5767 2884
5768 7350
5769 2885
5770 7351
5771 2886
5772 7352
5773 2887
5774 7353
5775 2888
5776 7354
5777 2889
5778 7355
5779 2890
5780 7356
5781 2891
5782 7357
5783 2892
5784 7358
5785 2893
5786 7359
5787 2894
5788 7360
5789 2895
5790 7361
5791 2896
5792 7362
5793 2897
5794 7363
5795 2898
5796 7364
5797 2899
5798 7365
5799 2900
5800 7366
5801 2901
5802 7367
5803 2902
5804 7368
5805 2903
5806 7369
5807 2904
5808 7370
5809 2905
5810 7371
5811 2906
5812 7372
5813 2907
5814 7373
5815 2908
5816 7374
5817 2909
5818 7375
5819 2910
5820 7376
5821 2911
5822 7377
5823 2912
5824 7378
5825 2913
5826 7379
5827 2914
5828 7380
5829 2915
5830 7381
5831 2916
5832 7382
5833 2917
5834 7383
5835 2918
5836 7384
5837 2919
5838 7385
5839 2920
5840 7386
5841 2921
5842 7387
5843 2922
5844 7388
5845 2923
5846 7389
5847 2924
5848 7390
5849 2925
5850 7391
5851 2926
5852 7392
5853 2927
5854 7393
5855 2928
5856 7394
5857 2929
5858 7395
5859 2930
5860 7396
5861 2931
5862 7397
5863 2932
5864 7398
5865 2933
5866 7399
5867 2934
5868 7400
5869 2935
5870 7401
5871 2936
5872 7402
5873 2937
5874 7403
5875 2938
5876 7404
5877 2939
5878 7405
5879 2940
5880 7406
5881 2941
5882 7407
5883 2942
5884 7408
5885 2943
5886 7409
5887 2944
5888 7410
5889 2945
5890 7411
5891 2946
5892 7412
5893 2947
5894 7413
5895 2948
5896 7414
5897 2949
5898 7415
5899 2950
5900 7416
5901 2951
5902 7417
5903 2952
5904 7418
5905 2953
5906 7419
5907 2954
5908 7420
5909 2955
5910 7421
5911 2956
5912 7422
5913 2957
5914 7423
5915 2958
5916 7424
5917 2959
5918 7425
5919 2960
5920 7426
5921 2961
5922 7427
5923 2962
5924 7428
5925 2963
5926 7429
5927 2964
5928 7430
5929 2965
5930 7431
5931 2966
5932 7432
5933 2967
5934 7433
5935 2968
5936 7434
5937 2969
5938 7435
5939 2970
5940 7436
5941 2971
5942 7437
5943 2972
5944 7438
5945 2973
5946 7439
5947 2974
5948 7440
5949 2975
5950 7441
5951 2976
5952 7442
5953 2977
5954 7443
5955 2978
5956 7444
5957 2979
5958 7445
5959 2980
5960 7446
5961 2981
5962 7447
5963 2982
5964 7448
5965 2983
5966 7449
5967 2984
5968 7450
5969 2985
5970 7451
5971 2986
5972 7452
5973 2987
5974 7453
5975 2988
5976 7454
5977 2989
5978 7455
5979 2990
5980 7456
5981 2991
5982 7457
5983 2992
5984 7458
5985 2993
5986 7459
5987 2994
5988 7460
5989 2995
5990 7461
5991 2996
5992 7462
5993 2997
5994 7463
5995 2998
5996 7464
5997 2999
5998 7465
5999 3000
6000 7466
6001 3001
6002 7467
6003 3002
6004 7468
6005 3003
6006 7469
6007 3004
6008 7470
6009 3005
6010 7471
6011 3006
6012 7472
6013 3007
6014 7473
6015 3008
6016 7474
6017 3009
6018 7475
6019 3010
6020 7476
6021 3011
6022 7477
6023 3012
6024 7478
6025 3013
6026 7479
6027 3014
6028 7480
6029 3015
6030 7481
6031 3016
6032 7482
6033 3017
6034 7483
6035 3018
6036 7484
6037 3019
6038 7485
6039 3020
6040 7486
6041 3021
6042 7487
6043 3022
6044 7488
6045 3023
6046 7489
6047 3024
6048 7490
6049 3025
6050 7491
6051 3026
6052 7492
6053 3027
6054 7493
6055 3028
6056 7494
6057 3029
6058 7495
6059 3030
6060 7496
6061 3031
6062 7497
6063 3032
6064 7498
6065 3033
6066 7499
6067 3034
6068 7500
6069 3035
6070 7501
6071 3036
6072 7502
6073 3037
6074 7503
6075 3038
6076 7504
6077 3039
6078 7505
6079 3040
6080 7506
6081 3041
6082 7507
6083 3042
6084 7508
6085 3043
6086 7509
6087 3044
6088 7510
6089 3045
6090 7511
6091 3046
6092 7512
6093 3047
6094 7513
6095 3048
6096 7514
6097 3049
6098 7515
6099 3050
6100 7516
6101 3051
6102 7517
6103 3052
6104 7518
6105 3053
6106 7519
6107 3054
6108 7520
6109 3055
6110 7521
6111 3056
6112 7522
6113 3057
6114 7523
6115 3058
6116 7524
6117 3059
6118 7525
6119 3060
6120 7526
6121 3061
6122 7527
6123 3062
6124 7528
6125 3063
6126 7529
6127 3064
6128 7530
6129 3065
6130 7531
6131 3066
6132 7532
6133 3067
6134 7533
6135 3068
6136 7534
6137 3069
6138 7535
6139 3070
6140 7536
6141 3071
6142 7537
6143 3072
6144 7538
6145 3073
6146 7539
6147 3074
6148 7540
6149 3075
6150 7541
6151 3076
6152 7542
6153 3077
6154 7543
6155 3078
6156 7544
6157 3079
6158 7545
6159 3080
6160 7546
6161 3081
6162 7547
6163 3082
6164 7548
6165 3083
6166 7549
6167 3084
6168 7550
6169 3085
6170 7551
6171 3086
6172 7552
6173 3087
6174 7553
6175 3088
6176 7554
6177 3089
6178 7555
6179 3090
6180 7556
6181 3091
6182 7557
6183 3092
6184 7558
6185 3093
6186 7559
6187 3094
6188 7560
6189 3095
6190 7561
6191 3096
6192 7562
6193 3097
6194 7563
6195 3098
6196 7564
6197 3099
6198 7565
6199 3100
6200 7566
6201 3101
6202 7567
6203 3102
6204 7568
6205 3103
6206 7569
6207 3104
6208 7570
6209 3105
6210 7571
6211 3106
6212 7572
6213 3107
6214 7573
6215 3108
6216 7574
6217 3109
6218 7575
6219 3110
6220 7576
6221 3111
6222 7577
6223 3112
6224 7578
6225 3113
6226 7579
6227 3114
6228 7580
6229 3115
6230 7581
6231 3116
6232 7582
6233 3117
6234 7583
6235 3118
6236 7584
6237 3119
6238 7585
6239 3120
6240 7586
6241 3121
6242 7587
6243 3122
6244 7588
6245 3123
6246 7589
6247 3124
6248 7590
6249 3125
6250 7591
6251 3126
6252 7592
6253 3127
6254 7593
6255 3128
6256 7594
6257 3129
6258 7595
6259 3130
6260 7596
6261 3131
6262 7597
6263 3132
6264 7598
6265 3133
6266 7599
6267 3134
6268 7600
6269 3135
6270 7601
6271 3136
6272 7602
6273 3137
6274 7603
6275 3138
6276 7604
6277 3139
6278 7605
6279 3140
6280 7606
6281 3141
6282 7607
6283 3142
6284 7608
6285 3143
6286 7609
6287 3144
6288 7610
6289 3145
6290 7611
6291 3146
6292 7612
6293 3147
6294 7613
6295 3148
6296 7614
6297 3149
6298 7615
6299 3150
6300 7616
6301 3151
6302 7617
6303 3152
6304 7618
6305 3153
6306 7619
6307 3154
6308 7620
6309 3155
6310 7621
6311 3156
6312 7622
6313 3157
6314 7623
6315 3158
6316 7624
6317 3159
6318 7625
6319 3160
6320 7626
6321 3161
6322 7627
6323 3162
6324 7628
6325 3163
6326 7629
6327 3164
6328 7630
6329 3165
6330 7631
6331 3166
6332 7632
6333 3167
6334 7633
6335 3168
6336 7634
6337 3169
6338 7635
6339 3170
6340 7636
6341 3171
6342 7637
6343 3172
6344 7638
6345 3173
6346 7639
6347 3174
6348 7640
6349 3175
6350 7641
6351 3176
6352 7642
6353 3177
6354 7643
6355 3178
6356 7644
6357 3179
6358 7645
6359 3180
6360 7646
6361 3181
6362 7647
6363 3182
6364 7648
6365 3183
6366 7649
6367 3184
6368 7650
6369 3185
6370 7651
6371 3186
6372 7652
6373 3187
6374 7653
6375 3188
6376 7654
6377 3189
6378 7655
6379 3190
6380 7656
6381 3191
6382 7657
6383 3192
6384 7658
6385 3193
6386 7659
6387 3194
6388 7660
6389 3195
6390 7661
6391 3196
6392 7662
6393 3197
6394 7663
6395 3198
6396 7664
6397 3199
6398 7665
6399 3200
6400 7666
6401 3201
6402 7667
6403 3202
6404 7668
6405 3203
6406 7669
6407 3204
6408 7670
6409 3205
6410 7671
6411 3206
6412 7672
6413 3207
6414 7673
6415 3208
6416 7674
6417 3209
6418 7675
6419 3210
6420 7676
6421 3211
6422 7677
6423 3212
6424 7678
6425 3213
6426 7679
6427 3214
6428 7680
6429 3215
6430 7681
6431 3216
6432 7682
6433 3217
6434 7683
6435 3218
6436 7684
6437 3219
6438 7685
6439 3220
6440 7686
6441 3221
6442 7687
6443 3222
6444 7688
6445 3223
6446 7689
6447 3224
6448 7690
6449 3225
6450 7691
6451 3226
6452 7692
6453 3227
6454 7693
6455 3228
6456 7694
6457 3229
6458 7695
6459 3230
6460 7696
6461 3231
6462 7697
6463 3232
6464 7698
6465 3233
6466 7699
6467 3234
6468 7700
6469 3235
6470 7701
6471 3236
6472 7702
6473 3237
6474 7703
6475 3238
6476 7704
6477 3239
6478 7705
6479 3240
6480 7706
6481 3241
6482 7707
6483 3242
6484 7708
6485 3243
6486 7709
6487 3244
6488 7710
6489 3245
6490 7711
6491 3246
6492 7712
6493 3247
6494 7713
6495 3248
6496 7714
6497 3249
6498 7715
6499 3250
6500 7716
6501 3251
6502 7717
6503 3252
6504 7718
6505 3253
6506 7719
6507 3254
6508 7720
6509 3255
6510 7721
6511 3256
6512 7722
6513 3257
6514 7723
6515 3258
6516 7724
6517 3259
6518 7725
6519 3260
6520 7726
6521 3261
6522 7727
6523 3262
6524 7728
6525 3263
6526 7729
6527 3264
6528 7730
6529 3265
6530 7731
6531 3266
6532 7732
6533 3267
6534 7733
6535 3268
6536 7734
6537 3269
6538 7735
6539 3270
6540 7736
6541 3271
6542 7737
6543 3272
6544 7738
6545 3273
6546 7739
6547 3274
6548 7740
6549 3275
6550 7741
6551 3276
6552 7742
6553 3277
6554 7743
6555 3278
6556 7744
6557 3279
6558 7745
6559 3280
6560 7746
6561 3281
6562 7747
6563 3282
6564 7748
6565 3283
6566 7749
6567 3284
6568 7750
6569 3285
6570 7751
6571 3286
6572 7752
6573 3287
6574 7753
6575 3288
6576 7754
6577 3289
6578 7755
6579 3290
6580 7756
6581 3291
6582 7757
6583 3292
6584 7758
6585 3293
6586 7759
6587 3294
6588 7760
6589 3295
6590 7761
6591 3296
6592 7762
6593 3297
6594 7763
6595 3298
6596 7764
6597 3299
6598 7765
6599 3300
6600 7766
6601 3301
6602 7767
6603 3302
6604 7768
6605 3303
6606 7769
6607 3304
6608 7770
6609 3305
6610 7771
6611 3306
6612 7772
6613 3307
6614 7773
6615 3308
6616 7774
6617 3309
6618 7775
6619 3310
6620 7776
6621 3311
6622 7777
6623 3312
6624 7778
6625 3313
6626 7779
6627 3314
6628 7780
6629 3315
6630 7781
6631 3316
6632 7782
6633 3317
6634 7783
6635 3318
6636 7784
6637 3319
6638 7785
6639 3320
6640 7786
6641 3321
6642 7787
6643 3322
6644 7788
6645 3323
6646 7789
6647 3324
6648 7790
6649 3325
6650 7791
6651 3326
6652 7792
6653 3327
6654 7793
6655 3328
6656 7794
6657 3329
6658 7795
6659 3330
6660 7796
6661 3331
6662 7797
6663 3332
6664 7798
6665 3333
6666 7799
6667 3334
6668 7800
6669 3335
6670 7801
6671 3336
6672 7802
6673 3337
6674 7803
6675 3338
6676 7804
6677 3339
6678 7805
6679 3340
6680 7806
6681 3341
6682 7807
6683 3342
6684 7808
6685 3343
6686 7809
6687 3344
6688 7810
6689 3345
6690 7811
6691 3346
6692 7812
6693 3347
6694 7813
6695 3348
6696 7814
6697 3349
6698 7815
6699 3350
6700 7816
6701 3351
6702 7817
6703 3352
6704 7818
6705 3353
6706 7819
6707 3354
6708 7820
6709 3355
6710 7821
6711 3356
6712 7822
6713 3357
6714 7823
6715 3358
6716 7824
6717 3359
6718 7825
6719 3360
6720 7826
6721 3361
6722 7827
6723 3362
6724 7828
6725 3363
6726 7829
6727 3364
6728 7830
6729 3365
6730 7831
6731 3366
6732 7832
6733 3367
6734 7833
6735 3368
6736 7834
6737 3369
6738 7835
6739 3370
6740 7836
6741 3371
6742 7837
6743 3372
6744 7838
6745 3373
6746 7839
6747 3374
6748 7840
6749 3375
6750 7841
6751 3376
6752 7842
6753 3377
6754 7843
6755 3378
6756 7844
6757 3379
6758 7845
6759 3380
6760 7846
6761 3381
6762 7847
6763 3382
6764 7848
6765 3383
6766 7849
6767 3384
6768 7850
6769 3385
6770 7851
6771 3386
6772 7852
6773 3387
6774 7853
6775 3388
6776 7854
6777 3389
6778 7855
6779 3390
6780 7856
6781 3391
6782 7857
6783 3392
6784 7858
6785 3393
6786 7859
6787 3394
6788 7860
6789 3395
6790 7861
6791 3396
6792 7862
6793 3397
6794 7863
6795 3398
6796 7864
6797 3399
6798 7865
6799 3400
6800 7866
6801 3401
6802 7867
6803 3402
6804 7868
6805 3403
6806 7869
6807 3404
6808 7870
6809 3405
6810 7871
6811 3406
6812 7872
6813 3407
6814 7873
6815 3408
6816 7874
6817 3409
6818 7875
6819 3410
6820 7876
6821 3411
6822 7877
6823 3412
6824 7878
6825 3413
6826 7879
6827 3414
6828 7880
6829 3415
6830 7881
6831 3416
6832 7882
6833 3417
6834 7883
6835 3418
6836 7884
6837 3419
6838 7885
6839 3420
6840 7886
6841 3421
6842 7887
6843 3422
6844 7888
6845 3423
6846 7889
6847 3424
6848 7890
6849 3425
6850 7891
6851 3426
6852 7892
6853 3427
6854 7893
6855 3428
6856 7894
6857 3429
6858 7895
6859 3430
6860 7896
6861 3431
6862 7897
6863 3432
6864 7898
6865 3433
6866 7899
6867 3434
6868 7900
6869 3435
6870 7901
6871 3436
6872 7902
6873 3437
6874 7903
6875 3438
6876 7904
6877 3439
6878 7905
6879 3440
6880 7906
6881 3441
6882 7907
6883 3442
6884 7908
6885 3443
6886 7909
6887 3444
6888 7910
6889 3445
6890 7911
6891 3446
6892 7912
6893 3447
6894 7913
6895 3448
6896 7914
6897 3449
6898 7915
6899 3450
6900 7916
6901 3451
6902 7917
6903 3452
6904 7918
6905 3453
6906 7919
6907 3454
6908 7920
6909 3455
6910 7921
6911 3456
6912 7922
6913 3457
6914 7923
6915 3458
6916 7924
6917 3459
6918 7925
6919 3460
6920 7926
6921 3461
6922 7927
6923 3462
6924 7928
6925 3463
6926 7929
6927 3464
6928 7930
6929 3465
6930 7931
6931 3466
6932 7932
6933 3467
6934 7933
6935 3468
6936 7934
6937 3469
6938 7935
6939 3470
6940 7936
6941 3471
6942 7937
6943 3472
6944 7938
6945 3473
6946 7939
6947 3474
6948 7940
6949 3475
6950 7941
6951 3476
6952 7942
6953 3477
6954 7943
6955 3478
6956 7944
6957 3479
6958 7945
6959 3480
6960 7946
6961 3481
6962 7947
6963 3482
6964 7948
6965 3483
6966 7949
6967 3484
6968 7950
6969 3485
6970 7951
6971 3486
6972 7952
6973 3487
6974 7953
6975 3488
6976 7954
6977 3489
6978 7955
6979 3490
6980 7956
6981 3491
6982 7957
6983 3492
6984 7958
6985 3493
6986 7959
6987 3494
6988 7960
6989 3495
6990 7961
6991 3496
6992 7962
6993 3497
6994 7963
6995 3498
6996 7964
6997 3499
6998 7965
6999 3500
7000 7966
7001 3501
7002 7967
7003 3502
7004 7968
7005 3503
7006 7969
7007 3504
7008 7970
7009 3505
7010 7971
7011 3506
7012 7972
7013 3507
7014 7973
7015 3508
7016 7974
7017 3509
7018 7975
7019 3510
7020 7976
7021 3511
7022 7977
7023 3512
7024 7978
7025 3513
7026 7979
7027 3514
7028 7980
7029 3515
7030 7981
7031 3516
7032 7982
7033 3517
7034 7983
7035 3518
7036 7984
7037 3519
7038 7985
7039 3520
7040 7986
7041 3521
7042 7987
7043 3522
7044 7988
7045 3523
7046 7989
7047 3524
7048 7990
7049 3525
7050 7991
7051 3526
7052 7992
7053 3527
7054 7993
7055 3528
7056 7994
7057 3529
7058 7995
7059 3530
7060 7996
7061 3531
7062 7997
7063 3532
7064 7998
7065 3533
7066 7999
7067 3534
7068 8000
7069 3535
7070 8001
7071 3536
7072 8002
7073 3537
7074 8003
7075 3538
7076 8004
7077 3539
7078 8005
7079 3540
7080 8006
7081 3541
7082 8007
7083 3542
7084 8008
7085 3543
7086 8009
7087 3544
7088 8010
7089 3545
7090 8011
7091 3546
7092 8012
7093 3547
7094 8013
7095 3548
7096 8014
7097 3549
7098 8015
7099 3550
7100 8016
7101 3551
7102 8017
7103 3552
7104 8018
7105 3553
7106 8019
7107 3554
7108 8020
7109 3555
7110 8021
7111 3556
7112 8022
7113 3557
7114 8023
7115 3558
7116 8024
7117 3559
7118 8025
7119 3560
7120 8026
7121 3561
7122 8027
7123 3562
7124 8028
7125 3563
7126 8029
7127 3564
7128 8030
7129 3565
7130 8031
7131 3566
7132 8032
7133 3567
7134 8033
7135 3568
7136 8034
7137 3569
7138 8035
7139 3570
7140 8036
7141 3571
7142 8037
7143 3572
7144 8038
7145 3573
7146 8039
7147 3574
7148 8040
7149 3575
7150 8041
7151 3576
7152 8042
7153 3577
7154 8043
7155 3578
7156 8044
7157 3579
7158 8045
7159 3580
7160 8046
7161 3581
7162 8047
7163 3582
7164 8048
7165 3583
7166 8049
7167 3584
7168 8050
7169 3585
7170 8051
7171 3586
7172 8052
7173 3587
7174 8053
7175 3588
7176 8054
7177 3589
7178 8055
7179 3590
7180 8056
7181 3591
7182 8057
7183 3592
7184 8058
7185 3593
7186 8059
7187 3594
7188 8060
7189 3595
7190 8061
7191 3596
7192 8062
7193 3597
7194 8063
7195 3598
7196 8064
7197 3599
7198 8065
7199 3600
7200 8066
7201 3601
7202 8067
7203 3602
7204 8068
7205 3603
7206 8069
7207 3604
7208 8070
7209 3605
7210 8071
7211 3606
7212 8072
7213 3607
7214 8073
7215 3608
7216 8074
7217 3609
7218 8075
7219 3610
7220 8076
7221 3611
7222 8077
7223 3612
7224 8078
7225 3613
7226 8079
7227 3614
7228 8080
7229 3615
7230 8081
7231 3616
7232 8082
7233 3617
7234 8083
7235 3618
7236 8084
7237 3619
7238 8085
7239 3620
7240 8086
7241 3621
7242 8087
7243 3622
7244 8088
7245 3623
7246 8089
7247 3624
7248 8090
7249 3625
7250 8091
7251 3626
7252 8092
7253 3627
7254 8093
7255 3628
7256 8094
7257 3629
7258 8095
7259 3630
7260 8096
7261 3631
7262 8097
7263 3632
7264 8098
7265 3633
7266 8099
7267 3634
7268 8100
7269 3635
7270 8101
7271 3636
7272 8102
7273 3637
7274 8103
7275 3638
7276 8104
7277 3639
7278 8105
7279 3640
7280 8106
7281 3641
7282 8107
7283 3642
7284 8108
7285 3643
7286 8109
7287 3644
7288 8110
7289 3645
7290 8111
7291 3646
7292 8112
7293 3647
7294 8113
7295 3648
7296 8114
7297 3649
7298 8115
7299 3650
7300 8116
7301 3651
7302 8117
7303 3652
7304 8118
7305 3653
7306 8119
7307 3654
7308 8120
7309 3655
7310 8121
7311 3656
7312 8122
7313 3657
7314 8123
7315 3658
7316 8124
7317 3659
7318 8125
7319 3660
7320 8126
7321 3661
7322 8127
7323 3662
7324 8128
7325 3663
7326 8129
7327 3664
7328 8130
7329 3665
7330 8131
7331 3666
7332 8132
7333 3667
7334 8133
7335 3668
7336 8134
7337 3669
7338 8135
7339 3670
7340 8136
7341 3671
7342 8137
7343 3672
7344 8138
7345 3673
7346 8139
7347 3674
7348 8140
7349 3675
7350 8141
7351 3676
7352 8142
7353 3677
7354 8143
7355 3678
7356 8144
7357 3679
7358 8145
7359 3680
7360 8146
7361 3681
7362 8147
7363 3682
7364 8148
7365 3683
7366 8149
7367 3684
7368 8150
7369 3685
7370 8151
7371 3686
7372 8152
7373 3687
7374 8153
7375 3688
7376 8154
7377 3689
7378 8155
7379 3690
7380 8156
7381 3691
7382 8157
7383 3692
7384 8158
7385 3693
7386 8159
7387 3694
7388 8160
7389 3695
7390 8161
7391 3696
7392 8162
7393 3697
7394 8163
7395 3698
7396 8164
7397 3699
7398 8165
7399 3700
7400 8166
7401 3701
7402 8167
7403 3702
7404 8168
7405 3703
7406 8169
7407 3704
7408 8170
7409 3705
7410 8171
7411 3706
7412 8172
7413 3707
7414 8173
7415 3708
7416 8174
7417 3709
7418 8175
7419 3710
7420 8176
7421 3711
7422 8177
7423 3712
7424 8178
7425 3713
7426 8179
7427 3714
7428 8180
7429 3715
7430 8181
7431 3716
7432 8182
7433 3717
7434 8183
7435 3718
7436 8184
7437 3719
7438 8185
7439 3720
7440 8186
7441 3721
7442 8187
7443 3722
7444 8188
7445 3723
7446 8189
7447 3724
7448 8190
7449 3725
7450 8191
7451 3726
7452 8192
7453 3727
7454 8193
7455 3728
7456 8194
7457 3729
7458 8195
7459 3730
7460 8196
7461 3731
7462 8197
7463 3732
7464 8198
7465 3733
7466 8199
7467 3734
7468 8200
7469 3735
7470 8201
7471 3736
7472 8202
7473 3737
7474 8203
7475 3738
7476 8204
7477 3739
7478 8205
7479 3740
7480 8206
7481 3741
7482 8207
7483 3742
7484 8208
7485 3743
7486 8209
7487 3744
7488 8210
7489 3745
7490 8211
7491 3746
7492 8212
7493 3747
7494 8213
7495 3748
7496 8214
7497 3749
7498 8215
7499 3750
7500 8216
7501 3751
7502 8217
7503 3752
7504 8218
7505 3753
7506 8219
7507 3754
7508 8220
7509 3755
7510 8221
7511 3756
7512 8222
7513 3757
7514 8223
7515 3758
7516 8224
7517 3759
7518 8225
7519 3760
7520 8226
7521 3761
7522 8227
7523 3762
7524 8228
7525 3763
7526 8229
7527 3764
7528 8230
7529 3765
7530 8231
7531 3766
7532 8232
7533 3767
7534 8233
7535 3768
7536 8234
7537 3769
7538 8235
7539 3770
7540 8236
7541 3771
7542 8237
7543 3772
7544 8238
7545 3773
7546 8239
7547 3774
7548 8240
7549 3775
7550 8241
7551 3776
7552 8242
7553 3777
7554 8243
7555 3778
7556 8244
7557 3779
7558 8245
7559 3780
7560 8246
7561 3781
7562 8247
7563 3782
7564 8248
7565 3783
7566 8249
7567 3784
7568 8250
7569 3785
7570 8251
7571 3786
7572 8252
7573 3787
7574 8253
7575 3788
7576 8254
7577 3789
7578 8255
7579 3790
7580 8256
7581 3791
7582 8257
7583 3792
7584 8258
7585 3793
7586 8259
7587 3794
7588 8260
7589 3795
7590 8261
7591 3796
7592 8262
7593 3797
7594 8263
7595 3798
7596 8264
7597 3799
7598 8265
7599 3800
7600 8266
7601 3801
7602 8267
7603 3802
7604 8268
7605 3803
7606 8269
7607 3804
7608 8270
7609 3805
7610 8271
7611 3806
7612 8272
7613 3807
7614 8273
7615 3808
7616 8274
7617 3809
7618 8275
7619 3810
7620 8276
7621 3811
7622 8277
7623 3812
7624 8278
7625 3813
7626 8279
7627 3814
7628 8280
7629 3815
7630 8281
7631 3816
7632 8282
7633 3817
7634 8283
7635 3818
7636 8284
7637 3819
7638 8285
7639 3820
7640 8286
7641 3821
7642 8287
7643 3822
7644 8288
7645 3823
7646 8289
7647 3824
7648 8290
7649 3825
7650 8291
7651 3826
7652 8292
7653 3827
7654 8293
7655 3828
7656 8294
7657 3829
7658 8295
7659 3830
7660 8296
7661 3831
7662 8297
7663 3832
7664 8298
7665 3833
7666 8299
7667 3834
7668 8300
7669 3835
7670 8301
7671 3836
7672 8302
7673 3837
7674 8303
7675 3838
7676 8304
7677 3839
7678 8305
7679 3840
7680 8306
7681 3841
7682 8307
7683 3842
7684 8308
7685 3843
7686 8309
7687 3844
7688 8310
7689 3845
7690 8311
7691 3846
7692 8312
7693 3847
7694 8313
7695 3848
7696 8314
7697 3849
7698 8315
7699 3850
7700 8316
7701 3851
7702 8317
7703 3852
7704 8318
7705 3853
7706 8319
7707 3854
7708 8320
7709 3855
7710 8321
7711 3856
7712 8322
7713 3857
7714 8323
7715 3858
7716 8324
7717 3859
7718 8325
7719 3860
7720 8326
7721 3861
7722 8327
7723 3862
7724 8328
7725 3863
7726 8329
7727 3864
7728 8330
7729 3865
7730 8331
7731 3866
7732 8332
7733 3867
7734 8333
7735 3868
7736 8334
7737 3869
7738 8335
7739 3870
7740 8336
7741 3871
7742 8337
7743 3872
7744 8338
7745 3873
7746 8339
7747 3874
7748 8340
7749 3875
7750 8341
7751 3876
7752 8342
7753 3877
7754 8343
7755 3878
7756 8344
7757 3879
7758 8345
7759 3880
7760 8346
7761 3881
7762 8347
7763 3882
7764 8348
7765 3883
7766 8349
7767 3884
7768 8350
7769 3885
7770 8351
7771 3886
7772 8352
7773 3887
7774 8353
7775 3888
7776 8354
7777 3889
7778 8355
7779 3890
7780 8356
7781 3891
7782 8357
7783 3892
7784 8358
7785 3893
7786 8359
7787 3894
7788 8360
7789 3895
7790 8361
7791 3896
7792 8362
7793 3897
7794 8363
7795 3898
7796 8364
7797 3899
7798 8365
7799 3900
7800 8366
7801 3901
7802 8367
7803 3902
7804 8368
7805 3903
7806 8369
7807 3904
7808 8370
7809 3905
7810 8371
7811 3906
7812 8372
7813 3907
7814 8373
7815 3908
7816 8374
7817 3909
7818 8375
7819 3910
7820 8376
7821 3911
7822 8377
7823 3912
7824 8378
7825 3913
7826 8379
7827 3914
7828 8380
7829 3915
7830 8381
7831 3916
7832 8382
7833 3917
7834 8383
7835 3918
7836 8384
7837 3919
7838 8385
7839 3920
7840 8386
7841 3921
7842 8387
7843 3922
7844 8388
7845 3923
7846 8389
7847 3924
7848 8390
7849 3925
7850 8391
7851 3926
7852 8392
7853 3927
7854 8393
7855 3928
7856 8394
7857 3929
7858 8395
7859 3930
7860 8396
7861 3931
7862 8397
7863 3932
7864 8398
7865 3933
7866 8399
7867 3934
7868 8400
7869 3935
7870 8401
7871 3936
7872 8402
7873 3937
7874 8403
7875 3938
7876 8404
7877 3939
7878 8405
7879 3940
7880 8406
7881 3941
7882 8407
7883 3942
7884 8408
7885 3943
7886 8409
7887 3944
7888 8410
7889 3945
7890 8411
7891 3946
7892 8412
7893 3947
7894 8413
7895 3948
7896 8414
7897 3949
7898 8415
7899 3950
7900 8416
7901 3951
7902 8417
7903 3952
7904 8418
7905 3953
7906 8419
7907 3954
7908 8420
7909 3955
7910 8421
7911 3956
7912 8422
7913 3957
7914 8423
7915 3958
7916 8424
7917 3959
7918 8425
7919 3960
7920 8426
7921 3961
7922 8427
7923 3962
7924 8428
7925 3963
7926 8429
7927 3964
7928 8430
7929 3965
7930 8431
7931 3966
7932 8432
7933 3967
7934 8433
7935 3968
7936 8434
7937 3969
7938 8435
7939 3970
7940 8436
7941 3971
7942 8437
7943 3972
7944 8438
7945 3973
7946 8439
7947 3974
7948 8440
7949 3975
7950 8441
7951 3976
7952 8442
7953 3977
7954 8443
7955 3978
7956 8444
7957 3979
7958 8445
7959 3980
7960 8446
7961 3981
7962 8447
7963 3982
7964 8448
7965 3983
7966 8449
7967 3984
7968 8450
7969 3985
7970 8451
7971 3986
7972 8452
7973 3987
7974 8453
7975 3988
7976 8454
7977 3989
7978 8455
7979 3990
7980 8456
7981 3991
7982 8457
7983 3992
7984 8458
7985 3993
7986 8459
7987 3994
7988 8460
7989 3995
7990 8461
7991 3996
7992 8462
7993 3997
7994 8463
7995 3998
7996 8464
7997 3999
7998 8465
7999 4000
8000 8466
8001 4001
8002 8467
8003 4002
8004 8468
8005 4003
8006 8469
8007 4004
8008 8470
8009 4005
8010 8471
8011 4006
8012 8472
8013 4007
8014 8473
8015 4008
8016 8474
8017 4009
8018 8475
8019 4010
8020 8476
8021 4011
8022 8477
8023 4012
8024 8478
8025 4013
8026 8479
8027 4014
8028 8480
8029 4015
8030 8481
8031 4016
8032 8482
8033 4017
8034 8483
8035 4018
8036 8484
8037 4019
8038 8485
8039 4020
8040 8486
8041 4021
8042 8487
8043 4022
8044 8488
8045 4023
8046 8489
8047 4024
8048 8490
8049 4025
8050 8491
8051 4026
8052 8492
8053 4027
8054 8493
8055 4028
8056 8494
8057 4029
8058 8495
8059 4030
8060 8496
8061 4031
8062 8497
8063 4032
8064 8498
8065 4033
8066 8499
8067 4034
8068 8500
8069 4035
8070 8501
8071 4036
8072 8502
8073 4037
8074 8503
8075 4038
8076 8504
8077 4039
8078 8505
8079 4040
8080 8506
8081 4041
8082 8507
8083 4042
8084 8508
8085 4043
8086 8509
8087 4044
8088 8510
8089 4045
8090 8511
8091 4046
8092 8512
8093 4047
8094 8513
8095 4048
8096 8514
8097 4049
8098 8515
8099 4050
8100 8516
8101 4051
8102 8517
8103 4052
8104 8518
8105 4053
8106 8519
8107 4054
8108 8520
8109 4055
8110 8521
8111 4056
8112 8522
8113 4057
8114 8523
8115 4058
8116 8524
8117 4059
8118 8525
8119 4060
8120 8526
8121 4061
8122 8527
8123 4062
8124 8528
8125 4063
8126 8529
8127 4064
8128 8530
8129 4065
8130 8531
8131 4066
8132 8532
8133 4067
8134 8533
8135 4068
8136 8534
8137 4069
8138 8535
8139 4070
8140 8536
8141 4071
8142 8537
8143 4072
8144 8538
8145 4073
8146 8539
8147 4074
8148 8540
8149 4075
8150 8541
8151 4076
8152 8542
8153 4077
8154 8543
8155 4078
8156 8544
8157 4079
8158 8545
8159 4080
8160 8546
8161 4081
8162 8547
8163 4082
8164 8548
8165 4083
8166 8549
8167 4084
8168 8550
8169 4085
8170 8551
8171 4086
8172 8552
8173 4087
8174 8553
8175 4088
8176 8554
8177 4089
8178 8555
8179 4090
8180 8556
8181 4091
8182 8557
8183 4092
8184 8558
8185 4093
8186 8559
8187 4094
8188 8560
8189 4095
8190 8561
8191 4096
8192 8562
8193 4097
8194 8563
8195 4098
8196 8564
8197 4099
8198 8565
8199 4100
8200 8566
8201 4101
8202 8567
8203 4102
8204 8568
8205 4103
8206 8569
8207 4104
8208 8570
8209 4105
8210 8571
8211 4106
8212 8572
8213 4107
8214 8573
8215 4108
8216 8574
8217 4109
8218 8575
8219 4110
8220 8576
8221 4111
8222 8577
8223 4112
8224 8578
8225 4113
8226 8579
8227 4114
8228 8580
8229 4115
8230 8581
8231 4116
8232 8582
8233 4117
8234 8583
8235 4118
8236 8584
8237 4119
8238 8585
8239 4120
8240 8586
8241 4121
8242 8587
8243 4122
8244 8588
8245 4123
8246 8589
8247 4124
8248 8590
8249 4125
8250 8591
8251 4126
8252 8592
8253 4127
8254 8593
8255 4128
8256 8594
8257 4129
8258 8595
8259 4130
8260 8596
8261 4131
8262 8597
8263 4132
8264 8598
8265 4133
8266 8599
8267 4134
8268 8600
8269 4135
8270 8601
8271 4136
8272 8602
8273 4137
8274 8603
8275 4138
8276 8604
8277 4139
8278 8605
8279 4140
8280 8606
8281 4141
8282 8607
8283 4142
8284 8608
8285 4143
8286 8609
8287 4144
8288 8610
8289 4145
8290 8611
8291 4146
8292 8612
8293 4147
8294 8613
8295 4148
8296 8614
8297 4149
8298 8615
8299 4150
8300 8616
8301 4151
8302 8617
8303 4152
8304 8618
8305 4153
8306 8619
8307 4154
8308 8620
8309 4155
8310 8621
8311 4156
8312 8622
8313 4157
8314 8623
8315 4158
8316 8624
8317 4159
8318 8625
8319 4160
8320 8626
8321 4161
8322 8627
8323 4162
8324 8628
8325 4163
8326 8629
8327 4164
8328 8630
8329 4165
8330 8631
8331 4166
8332 8632
8333 4167
8334 8633
8335 4168
8336 8634
8337 4169
8338 8635
8339 4170
8340 8636
8341 4171
8342 8637
8343 4172
8344 8638
8345 4173
8346 8639
8347 4174
8348 8640
8349 4175
8350 8641
8351 4176
8352 8642
8353 4177
8354 8643
8355 4178
8356 8644
8357 4179
8358 8645
8359 4180
8360 8646
8361 4181
8362 8647
8363 4182
8364 8648
8365 4183
8366 8649
8367 4184
8368 8650
8369 4185
8370 8651
8371 4186
8372 8652
8373 4187
8374 8653
8375 4188
8376 8654
8377 4189
8378 8655
8379 4190
8380 8656
8381 4191
8382 8657
8383 4192
8384 8658
8385 4193
8386 8659
8387 4194
8388 8660
8389 4195
8390 8661
8391 4196
8392 8662
8393 4197
8394 8663
8395 4198
8396 8664
8397 4199
8398 8665
8399 4200
8400 8666
8401 4201
8402 8667
8403 4202
8404 8668
8405 4203
8406 8669
8407 4204
8408 8670
8409 4205
8410 8671
8411 4206
8412 8672
8413 4207
8414 8673
8415 4208
8416 8674
8417 4209
8418 8675
8419 4210
8420 8676
8421 4211
8422 8677
8423 4212
8424 8678
8425 4213
8426 8679
8427 4214
8428 8680
8429 4215
8430 8681
8431 4216
8432 8682
8433 4217
8434 8683
8435 4218
8436 8684
8437 4219
8438 8685
8439 4220
8440 8686
8441 4221
8442 8687
8443 4222
8444 8688
8445 4223
8446 8689
8447 4224
8448 8690
8449 4225
8450 8691
8451 4226
8452 8692
8453 4227
8454 8693
8455 4228
8456 8694
8457 4229
8458 8695
8459 4230
8460 8696
8461 4231
8462 8697
8463 4232
8464 8698
8465 4233
8466 8699
8467 4234
8468 8700
8469 4235
8470 8701
8471 4236
8472 8702
8473 4237
8474 8703
8475 4238
8476 8704
8477 4239
8478 8705
8479 4240
8480 8706
8481 4241
8482 8707
8483 4242
8484 8708
8485 4243
8486 8709
8487 4244
8488 8710
8489 4245
8490 8711
8491 4246
8492 8712
8493 4247
8494 8713
8495 4248
8496 8714
8497 4249
8498 8715
8499 4250
8500 8716
8501 4251
8502 8717
8503 4252
8504 8718
8505 4253
8506 8719
8507 4254
8508 8720
8509 4255
8510 8721
8511 4256
8512 8722
8513 4257
8514 8723
8515 4258
8516 8724
8517 4259
8518 8725
8519 4260
8520 8726
8521 4261
8522 8727
8523 4262
8524 8728
8525 4263
8526 8729
8527 4264
8528 8730
8529 4265
8530 8731
8531 4266
8532 8732
8533 4267
8534 8733
8535 4268
8536 8734
8537 4269
8538 8735
8539 4270
8540 8736
8541 4271
8542 8737
8543 4272
8544 8738
8545 4273
8546 8739
8547 4274
8548 8740
8549 4275
8550 8741
8551 4276
8552 8742
8553 4277
8554 8743
8555 4278
8556 8744
8557 4279
8558 8745
8559 4280
8560 8746
8561 4281
8562 8747
8563 4282
8564 8748
8565 4283
8566 8749
8567 4284
8568 8750
8569 4285
8570 8751
8571 4286
8572 8752
8573 4287
8574 8753
8575 4288
8576 8754
8577 4289
8578 8755
8579 4290
8580 8756
8581 4291
8582 8757
8583 4292
8584 8758
8585 4293
8586 8759
8587 4294
8588 8760
8589 4295
8590 8761
8591 4296
8592 8762
8593 4297
8594 8763
8595 4298
8596 8764
8597 4299
8598 8765
8599 4300
8600 8766
8601 4301
8602 8767
8603 4302
8604 8768
8605 4303
8606 8769
8607 4304
8608 8770
8609 4305
8610 8771
8611 4306
8612 8772
8613 4307
8614 8773
8615 4308
8616 8774
8617 4309
8618 8775
8619 4310
8620 8776
8621 4311
8622 8777
8623 4312
8624 8778
8625 4313
8626 8779
8627 4314
8628 8780
8629 4315
8630 8781
8631 4316
8632 8782
8633 4317
8634 8783
8635 4318
8636 8784
8637 4319
8638 8785
8639 4320
8640 8786
8641 4321
8642 8787
8643 4322
8644 8788
8645 4323
8646 8789
8647 4324
8648 8790
8649 4325
8650 8791
8651 4326
8652 8792
8653 4327
8654 8793
8655 4328
8656 8794
8657 4329
8658 8795
8659 4330
8660 8796
8661 4331
8662 8797
8663 4332
8664 8798
8665 4333
8666 8799
8667 4334
8668 8800
8669 4335
8670 8801
8671 4336
8672 8802
8673 4337
8674 8803
8675 4338
8676 8804
8677 4339
8678 8805
8679 4340
8680 8806
8681 4341
8682 8807
8683 4342
8684 8808
8685 4343
8686 8809
8687 4344
8688 8810
8689 4345
8690 8811
8691 4346
8692 8812
8693 4347
8694 8813
8695 4348
8696 8814
8697 4349
8698 8815
8699 4350
8700 8816
8701 4351
8702 8817
8703 4352
8704 8818
8705 4353
8706 8819
8707 4354
8708 8820
8709 4355
8710 8821
8711 4356
8712 8822
8713 4357
8714 8823
8715 4358
8716 8824
8717 4359
8718 8825
8719 4360
8720 8826
8721 4361
8722 8827
8723 4362
8724 8828
8725 4363
8726 8829
8727 4364
8728 8830
8729 4365
8730 8831
8731 4366
8732 8832
8733 4367
8734 8833
8735 4368
8736 8834
8737 4369
8738 8835
8739 4370
8740 8836
8741 4371
8742 8837
8743 4372
8744 8838
8745 4373
8746 8839
8747 4374
8748 8840
8749 4375
8750 8841
8751 4376
8752 8842
8753 4377
8754 8843
8755 4378
8756 8844
8757 4379
8758 8845
8759 4380
8760 8846
8761 4381
8762 8847
8763 4382
8764 8848
8765 4383
8766 8849
8767 4384
8768 8850
8769 4385
8770 8851
8771 4386
8772 8852
8773 4387
8774 8853
8775 4388
8776 8854
8777 4389
8778 8855
8779 4390
8780 8856
8781 4391
8782 8857
8783 4392
8784 8858
8785 4393
8786 8859
8787 4394
8788 8860
8789 4395
8790 8861
8791 4396
8792 8862
8793 4397
8794 8863
8795 4398
8796 8864
8797 4399
8798 8865
8799 4400
8800 8866
8801 4401
8802 8867
8803 4402
8804 8868
8805 4403
8806 8869
8807 4404
8808 8870
8809 4405
8810 8871
8811 4406
8812 8872
8813 4407
8814 8873
8815 4408
8816 8874
8817 4409
8818 8875
8819 4410
8820 8876
8821 4411
8822 8877
8823 4412
8824 8878
8825 4413
8826 8879
8827 4414
8828 8880
8829 4415
8830 8881
8831 4416
8832 8882
8833 4417
8834 8883
8835 4418
8836 8884
8837 4419
8838 8885
8839 4420
8840 8886
8841 4421
8842 8887
8843 4422
8844 8888
8845 4423
8846 8889
8847 4424
8848 8890
8849 4425
8850 8891
8851 4426
8852 8892
8853 4427
8854 8893
8855 4428
8856 8894
8857 4429
8858 8895
8859 4430
8860 8896
8861 4431
8862 8897
8863 4432
8864 8898
8865 4433
8866 8899
8867 4434
8868 8900
8869 4435
8870 8901
8871 4436
8872 8902
8873 4437
8874 8903
8875 4438
8876 8904
8877 4439
8878 8905
8879 4440
8880 8906
8881 4441
8882 8907
8883 4442
8884 8908
8885 4443
8886 8909
8887 4444
8888 8910
8889 4445
8890 8911
8891 4446
8892 8912
8893 4447
8894 8913
8895 4448
8896 8914
8897 4449
8898 8915
8899 4450
8900 8916
8901 4451
8902 8917
8903 4452
8904 8918
8905 4453
8906 8919
8907 4454
8908 8920
8909 4455
8910 8921
8911 4456
8912 8922
8913 4457
8914 8923
8915 4458
8916 8924
8917 4459
8918 8925
8919 4460
8920 8926
8921 4461
8922 8927
8923 4462
8924 8928
8925 4463
8926 8929
8927 4464
8928 8930
8929 4465
8930 8931
8931 4466
