%%MatrixMarket matrix coordinate pattern general
% Label: (1)
8931 8931 8931
1 4466
2 1
3 4467
4 2
5 4468
6 3
7 4469
8 4
9 4470
10 5
11 4471
12 6
13 4472
14 7
15 4473
16 8
17 4474
18 9
19 4475
20 10
21 4476
22 11
23 4477
24 12
25 4478
26 13
27 4479
28 14
29 4480
30 15
31 4481
32 16
33 4482
34 17
35 4483
36 18
37 4484
38 19
39 4485
40 20
41 4486
42 21
43 4487
44 22
45 4488
46 23
47 4489
48 24
49 4490
50 25
51 4491
52 26
53 4492
54 27
55 4493
56 28
57 4494
58 29
59 4495
60 30
61 4496
62 31
63 4497
64 32
65 4498
66 33
67 4499
68 34
69 4500
70 35
71 4501
72 36
73 4502
74 37
75 4503
76 38
77 4504
78 39
79 4505
80 40
81 4506
82 41
83 4507
84 42
85 4508
86 43
87 4509
88 44
89 4510
90 45
91 4511
92 46
93 4512
94 47
95 4513
96 48
97 4514
98 49
99 4515
100 50
101 4516
102 51
103 4517
104 52
105 4518
106 53
107 4519
108 54
109 4520
110 55
111 4521
112 56
113 4522
114 57
115 4523
116 58
117 4524
118 59
119 4525
120 60
121 4526
122 61
123 4527
124 62
125 4528
126 63
127 4529
128 64
129 4530
130 65
131 4531
132 66
133 4532
134 67
135 4533
136 68
137 4534
138 69
139 4535
140 70
141 4536
142 71
143 4537
144 72
145 4538
146 73
147 4539
148 74
149 4540
150 75
151 4541
152 76
153 4542
154 77
155 4543
156 78
157 4544
158 79
159 4545
160 80
161 4546
162 81
163 4547
164 82
165 4548
166 83
167 4549
168 84
169 4550
170 85
171 4551
172 86
173 4552
174 87
175 4553
176 88
177 4554
178 89
179 4555
180 90
181 4556
182 91
183 4557
184 92
185 4558
186 93
187 4559
188 94
189 4560
190 95
191 4561
192 96
193 4562
194 97
195 4563
196 98
197 4564
198 99
199 4565
200 100
201 4566
202 101
203 4567
204 102
205 4568
206 103
207 4569
208 104
209 4570
210 105
211 4571
212 106
213 4572
214 107
215 4573
216 108
217 4574
218 109
219 4575
220 110
221 4576
222 111
223 4577
224 112
225 4578
226 113
227 4579
228 114
229 4580
230 115
231 4581
232 116
233 4582
234 117
235 4583
236 118
237 4584
238 119
239 4585
240 120
241 4586
242 121
243 4587
244 122
245 4588
246 123
247 4589
248 124
249 4590
250 125
251 4591
252 126
253 4592
254 127
255 4593
256 128
257 4594
258 129
259 4595
260 130
261 4596
262 131
263 4597
264 132
265 4598
266 133
267 4599
268 134
269 4600
270 135
271 4601
272 136
273 4602
274 137
275 4603
276 138
277 4604
278 139
279 4605
280 140
281 4606
282 141
283 4607
284 142
285 4608
286 143
287 4609
288 144
289 4610
290 145
291 4611
292 146
293 4612
294 147
295 4613
296 148
297 4614
298 149
299 4615
300 150
301 4616
302 151
303 4617
304 152
305 4618
306 153
307 4619
308 154
309 4620
310 155
311 4621
312 156
313 4622
314 157
315 4623
316 158
317 4624
318 159
319 4625
320 160
321 4626
322 161
323 4627
324 162
325 4628
326 163
327 4629
328 164
329 4630
330 165
331 4631
332 166
333 4632
334 167
335 4633
336 168
337 4634
338 169
339 4635
340 170
341 4636
342 171
343 4637
344 172
345 4638
346 173
347 4639
348 174
349 4640
350 175
351 4641
352 176
353 4642
354 177
355 4643
356 178
357 4644
358 179
359 4645
360 180
361 4646
362 181
363 4647
364 182
365 4648
366 183
367 4649
368 184
369 4650
370 185
371 4651
372 186
373 4652
374 187
375 4653
376 188
377 4654
378 189
379 4655
380 190
381 4656
382 191
383 4657
384 192
385 4658
386 193
387 4659
388 194
389 4660
390 195
391 4661
392 196
393 4662
394 197
395 4663
396 198
397 4664
398 199
399 4665
400 200
401 4666
402 201
403 4667
404 202
405 4668
406 203
407 4669
408 204
409 4670
410 205
411 4671
412 206
413 4672
414 207
415 4673
416 208
417 4674
418 209
419 4675
420 210
421 4676
422 211
423 4677
424 212
425 4678
426 213
427 4679
428 214
429 4680
430 215
431 4681
432 216
433 4682
434 217
435 4683
436 218
437 4684
438 219
439 4685
440 220
441 4686
442 221
443 4687
444 222
445 4688
446 223
447 4689
448 224
449 4690
450 225
451 4691
452 226
453 4692
454 227
455 4693
456 228
457 4694
458 229
459 4695
460 230
461 4696
462 231
463 4697
464 232
465 4698
466 233
467 4699
468 234
469 4700
470 235
471 4701
472 236
473 4702
474 237
475 4703
476 238
477 4704
478 239
479 4705
480 240
481 4706
482 241
483 4707
484 242
485 4708
486 243
487 4709
488 244
489 4710
490 245
491 4711
492 246
493 4712
494 247
495 4713
496 248
497 4714
498 249
499 4715
500 250
501 4716
502 251
503 4717
504 252
505 4718
506 253
507 4719
508 254
509 4720
510 255
511 4721
512 256
513 4722
514 257
515 4723
516 258
517 4724
518 259
519 4725
520 260
521 4726
522 261
523 4727
524 262
525 4728
526 263
527 4729
528 264
529 4730
530 265
531 4731
532 266
533 4732
534 267
535 4733
536 268
537 4734
538 269
539 4735
540 270
541 4736
542 271
543 4737
544 272
545 4738
546 273
547 4739
548 274
549 4740
550 275
551 4741
552 276
553 4742
554 277
555 4743
556 278
557 4744
558 279
559 4745
560 280
561 4746
562 281
563 4747
564 282
565 4748
566 283
567 4749
568 284
569 4750
570 285
571 4751
572 286
573 4752
574 287
575 4753
576 288
577 4754
578 289
579 4755
580 290
581 4756
582 291
583 4757
584 292
585 4758
586 293
587 4759
588 294
589 4760
590 295
591 4761
592 296
593 4762
594 297
595 4763
596 298
597 4764
598 299
599 4765
600 300
601 4766
602 301
603 4767
604 302
605 4768
606 303
607 4769
608 304
609 4770
610 305
611 4771
612 306
613 4772
614 307
615 4773
616 308
617 4774
618 309
619 4775
620 310
621 4776
622 311
623 4777
624 312
625 4778
626 313
627 4779
628 314
629 4780
630 315
631 4781
632 316
633 4782
634 317
635 4783
636 318
637 4784
638 319
639 4785
640 320
641 4786
642 321
643 4787
644 322
645 4788
646 323
647 4789
648 324
649 4790
650 325
651 4791
652 326
653 4792
654 327
655 4793
656 328
657 4794
658 329
659 4795
660 330
661 4796
662 331
663 4797
664 332
665 4798
666 333
667 4799
668 334
669 4800
670 335
671 4801
672 336
673 4802
674 337
675 4803
676 338
677 4804
678 339
679 4805
680 340
681 4806
682 341
683 4807
684 342
685 4808
686 343
687 4809
688 344
689 4810
690 345
691 4811
692 346
693 4812
694 347
695 4813
696 348
697 4814
698 349
699 4815
700 350
701 4816
702 351
703 4817
704 352
705 4818
706 353
707 4819
708 354
709 4820
710 355
711 4821
712 356
713 4822
714 357
715 4823
716 358
717 4824
718 359
719 4825
720 360
721 4826
722 361
723 4827
724 362
725 4828
726 363
727 4829
728 364
729 4830
730 365
731 4831
732 366
733 4832
734 367
735 4833
736 368
737 4834
738 369
739 4835
740 370
741 4836
742 371
743 4837
744 372
745 4838
746 373
747 4839
748 374
749 4840
750 375
751 4841
752 376
753 4842
754 377
755 4843
756 378
757 4844
758 379
759 4845
760 380
761 4846
762 381
763 4847
764 382
765 4848
766 383
767 4849
768 384
769 4850
770 385
771 4851
772 386
773 4852
774 387
775 4853
776 388
777 4854
778 389
779 4855
780 390
781 4856
782 391
783 4857
784 392
785 4858
786 393
787 4859
788 394
789 4860
790 395
791 4861
792 396
793 4862
794 397
795 4863
796 398
797 4864
798 399
799 4865
800 400
801 4866
802 401
803 4867
804 402
805 4868
806 403
807 4869
808 404
809 4870
810 405
811 4871
812 406
813 4872
814 407
815 4873
816 408
817 4874
818 409
819 4875
820 410
821 4876
822 411
823 4877
824 412
825 4878
826 413
827 4879
828 414
829 4880
830 415
831 4881
832 416
833 4882
834 417
835 4883
836 418
837 4884
838 419
839 4885
840 420
841 4886
842 421
843 4887
844 422
845 4888
846 423
847 4889
848 424
849 4890
850 425
851 4891
852 426
853 4892
854 427
855 4893
856 428
857 4894
858 429
859 4895
860 430
861 4896
862 431
863 4897
864 432
865 4898
866 433
867 4899
868 434
869 4900
870 435
871 4901
872 436
873 4902
874 437
875 4903
876 438
877 4904
878 439
879 4905
880 440
881 4906
882 441
883 4907
884 442
885 4908
886 443
887 4909
888 444
889 4910
890 445
891 4911
892 446
893 4912
894 447
895 4913
896 448
897 4914
898 449
899 4915
900 450
901 4916
902 451
903 4917
904 452
905 4918
906 453
907 4919
908 454
909 4920
910 455
911 4921
912 456
913 4922
914 457
915 4923
916 458
917 4924
918 459
919 4925
920 460
921 4926
922 461
923 4927
924 462
925 4928
926 463
927 4929
928 464
929 4930
930 465
931 4931
932 466
933 4932
934 467
935 4933
936 468
937 4934
938 469
939 4935
940 470
941 4936
942 471
943 4937
944 472
945 4938
946 473
947 4939
948 474
949 4940
950 475
951 4941
952 476
953 4942
954 477
955 4943
956 478
957 4944
958 479
959 4945
960 480
961 4946
962 481
963 4947
964 482
965 4948
966 483
967 4949
968 484
969 4950
970 485
971 4951
972 486
973 4952
974 487
975 4953
976 488
977 4954
978 489
979 4955
980 490
981 4956
982 491
983 4957
984 492
985 4958
986 493
987 4959
988 494
989 4960
990 495
991 4961
992 496
993 4962
994 497
995 4963
996 498
997 4964
998 499
999 4965
1000 500
1001 4966
1002 501
1003 4967
1004 502
1005 4968
1006 503
1007 4969
1008 504
1009 4970
1010 505
1011 4971
1012 506
1013 4972
1014 507
1015 4973
1016 508
1017 4974
1018 509
1019 4975
1020 510
1021 4976
1022 511
1023 4977
1024 512
1025 4978
1026 513
1027 4979
1028 514
1029 4980
1030 515
1031 4981
1032 516
1033 4982
1034 517
1035 4983
1036 518
1037 4984
1038 519
1039 4985
1040 520
1041 4986
1042 521
1043 4987
1044 522
1045 4988
1046 523
1047 4989
1048 524
1049 4990
1050 525
1051 4991
1052 526
1053 4992
1054 527
1055 4993
1056 528
1057 4994
1058 529
1059 4995
1060 530
1061 4996
1062 531
1063 4997
1064 532
1065 4998
1066 533
1067 4999
1068 534
1069 5000
1070 535
1071 5001
1072 536
1073 5002
1074 537
1075 5003
1076 538
1077 5004
1078 539
1079 5005
1080 540
1081 5006
1082 541
1083 5007
1084 542
1085 5008
1086 543
1087 5009
1088 544
1089 5010
1090 545
1091 5011
1092 546
1093 5012
1094 547
1095 5013
1096 548
1097 5014
1098 549
1099 5015
1100 550
1101 5016
1102 551
1103 5017
1104 552
1105 5018
1106 553
1107 5019
1108 554
1109 5020
1110 555
1111 5021
1112 556
1113 5022
1114 557
1115 5023
1116 558
1117 5024
1118 559
1119 5025
1120 560
1121 5026
1122 561
1123 5027
1124 562
1125 5028
1126 563
1127 5029
1128 564
1129 5030
1130 565
1131 5031
1132 566
1133 5032
1134 567
1135 5033
1136 568
1137 5034
1138 569
1139 5035
1140 570
1141 5036
1142 571
1143 5037
1144 572
1145 5038
1146 573
1147 5039
1148 574
1149 5040
1150 575
1151 5041
1152 576
1153 5042
1154 577
1155 5043
1156 578
1157 5044
1158 579
1159 5045
1160 580
1161 5046
1162 581
1163 5047
1164 582
1165 5048
1166 583
1167 5049
1168 584
1169 5050
1170 585
1171 5051
1172 586
1173 5052
1174 587
1175 5053
1176 588
1177 5054
1178 589
1179 5055
1180 590
1181 5056
1182 591
1183 5057
1184 592
1185 5058
1186 593
1187 5059
1188 594
1189 5060
1190 595
1191 5061
1192 596
1193 5062
1194 597
1195 5063
1196 598
1197 5064
1198 599
1199 5065
1200 600
1201 5066
1202 601
1203 5067
1204 602
1205 5068
1206 603
1207 5069
1208 604
1209 5070
1210 605
1211 5071
1212 606
1213 5072
1214 607
1215 5073
1216 608
1217 5074
1218 609
1219 5075
1220 610
1221 5076
1222 611
1223 5077
1224 612
1225 5078
1226 613
1227 5079
1228 614
1229 5080
1230 615
1231 5081
1232 616
1233 5082
1234 617
1235 5083
1236 618
1237 5084
1238 619
1239 5085
1240 620
1241 5086
1242 621
1243 5087
1244 622
1245 5088
1246 623
1247 5089
1248 624
1249 5090
1250 625
1251 5091
1252 626
1253 5092
1254 627
1255 5093
1256 628
1257 5094
1258 629
1259 5095
1260 630
1261 5096
1262 631
1263 5097
1264 632
1265 5098
1266 633
1267 5099
1268 634
1269 5100
1270 635
1271 5101
1272 636
1273 5102
1274 637
1275 5103
1276 638
1277 5104
1278 639
1279 5105
1280 640
1281 5106
1282 641
1283 5107
1284 642
1285 5108
1286 643
1287 5109
1288 644
1289 5110
1290 645
1291 5111
1292 646
1293 5112
1294 647
1295 5113
1296 648
1297 5114
1298 649
1299 5115
1300 650
1301 5116
1302 651
1303 5117
1304 652
1305 5118
1306 653
1307 5119
1308 654
1309 5120
1310 655
1311 5121
1312 656
1313 5122
1314 657
1315 5123
1316 658
1317 5124
1318 659
1319 5125
1320 660
1321 5126
1322 661
1323 5127
1324 662
1325 5128
1326 663
1327 5129
1328 664
1329 5130
1330 665
1331 5131
1332 666
1333 5132
1334 667
1335 5133
1336 668
1337 5134
1338 669
1339 5135
1340 670
1341 5136
1342 671
1343 5137
1344 672
1345 5138
1346 673
1347 5139
1348 674
1349 5140
1350 675
1351 5141
1352 676
1353 5142
1354 677
1355 5143
1356 678
1357 5144
1358 679
1359 5145
1360 680
1361 5146
1362 681
1363 5147
1364 682
1365 5148
1366 683
1367 5149
1368 684
1369 5150
1370 685
1371 5151
1372 686
1373 5152
1374 687
1375 5153
1376 688
1377 5154
1378 689
1379 5155
1380 690
1381 5156
1382 691
1383 5157
1384 692
1385 5158
1386 693
1387 5159
1388 694
1389 5160
1390 695
1391 5161
1392 696
1393 5162
1394 697
1395 5163
1396 698
1397 5164
1398 699
1399 5165
1400 700
1401 5166
1402 701
1403 5167
1404 702
1405 5168
1406 703
1407 5169
1408 704
1409 5170
1410 705
1411 5171
1412 706
1413 5172
1414 707
1415 5173
1416 708
1417 5174
1418 709
1419 5175
1420 710
1421 5176
1422 711
1423 5177
1424 712
1425 5178
1426 713
1427 5179
1428 714
1429 5180
1430 715
1431 5181
1432 716
1433 5182
1434 717
1435 5183
1436 718
1437 5184
1438 719
1439 5185
1440 720
1441 5186
1442 721
1443 5187
1444 722
1445 5188
1446 723
1447 5189
1448 724
1449 5190
1450 725
1451 5191
1452 726
1453 5192
1454 727
1455 5193
1456 728
1457 5194
1458 729
1459 5195
1460 730
1461 5196
1462 731
1463 5197
1464 732
1465 5198
1466 733
1467 5199
1468 734
1469 5200
1470 735
1471 5201
1472 736
1473 5202
1474 737
1475 5203
1476 738
1477 5204
1478 739
1479 5205
1480 740
1481 5206
1482 741
1483 5207
1484 742
1485 5208
1486 743
1487 5209
1488 744
1489 5210
1490 745
1491 5211
1492 746
1493 5212
1494 747
1495 5213
1496 748
1497 5214
1498 749
1499 5215
1500 750
1501 5216
1502 751
1503 5217
1504 752
1505 5218
1506 753
1507 5219
1508 754
1509 5220
1510 755
1511 5221
1512 756
1513 5222
1514 757
1515 5223
1516 758
1517 5224
1518 759
1519 5225
1520 760
1521 5226
1522 761
1523 5227
1524 762
1525 5228
1526 763
1527 5229
1528 764
1529 5230
1530 765
1531 5231
1532 766
1533 5232
1534 767
1535 5233
1536 768
1537 5234
1538 769
1539 5235
1540 770
1541 5236
1542 771
1543 5237
1544 772
1545 5238
1546 773
1547 5239
1548 774
1549 5240
1550 775
1551 5241
1552 776
1553 5242
1554 777
1555 5243
1556 778
1557 5244
1558 779
1559 5245
1560 780
1561 5246
1562 781
1563 5247
1564 782
1565 5248
1566 783
1567 5249
1568 784
1569 5250
1570 785
1571 5251
1572 786
1573 5252
1574 787
1575 5253
1576 788
1577 5254
1578 789
1579 5255
1580 790
1581 5256
1582 791
1583 5257
1584 792
1585 5258
1586 793
1587 5259
1588 794
1589 5260
1590 795
1591 5261
1592 796
1593 5262
1594 797
1595 5263
1596 798
1597 5264
1598 799
1599 5265
1600 800
1601 5266
1602 801
1603 5267
1604 802
1605 5268
1606 803
1607 5269
1608 804
1609 5270
1610 805
1611 5271
1612 806
1613 5272
1614 807
1615 5273
1616 808
1617 5274
1618 809
1619 5275
1620 810
1621 5276
1622 811
1623 5277
1624 812
1625 5278
1626 813
1627 5279
1628 814
1629 5280
1630 815
1631 5281
1632 816
1633 5282
1634 817
1635 5283
1636 818
1637 5284
1638 819
1639 5285
1640 820
1641 5286
1642 821
1643 5287
1644 822
1645 5288
1646 823
1647 5289
1648 824
1649 5290
1650 825
1651 5291
1652 826
1653 5292
1654 827
1655 5293
1656 828
1657 5294
1658 829
1659 5295
1660 830
1661 5296
1662 831
1663 5297
1664 832
1665 5298
1666 833
1667 5299
1668 834
1669 5300
1670 835
1671 5301
1672 836
1673 5302
1674 837
1675 5303
1676 838
1677 5304
1678 839
1679 5305
1680 840
1681 5306
1682 841
1683 5307
1684 842
1685 5308
1686 843
1687 5309
1688 844
1689 5310
1690 845
1691 5311
1692 846
1693 5312
1694 847
1695 5313
1696 848
1697 5314
1698 849
1699 5315
1700 850
1701 5316
1702 851
1703 5317
1704 852
1705 5318
1706 853
1707 5319
1708 854
1709 5320
1710 855
1711 5321
1712 856
1713 5322
1714 857
1715 5323
1716 858
1717 5324
1718 859
1719 5325
1720 860
1721 5326
1722 861
1723 5327
1724 862
1725 5328
1726 863
1727 5329
1728 864
1729 5330
1730 865
1731 5331
1732 866
1733 5332
1734 867
1735 5333
1736 868
1737 5334
1738 869
1739 5335
1740 870
1741 5336
1742 871
1743 5337
1744 872
1745 5338
1746 873
1747 5339
1748 874
1749 5340
1750 875
1751 5341
1752 876
1753 5342
1754 877
1755 5343
1756 878
1757 5344
1758 879
1759 5345
1760 880
1761 5346
1762 881
1763 5347
1764 882
1765 5348
1766 883
1767 5349
1768 884
1769 5350
1770 885
1771 5351
1772 886
1773 5352
1774 887
1775 5353
1776 888
1777 5354
1778 889
1779 5355
1780 890
1781 5356
1782 891
1783 5357
1784 892
1785 5358
1786 893
1787 5359
1788 894
1789 5360
1790 895
1791 5361
1792 896
1793 5362
1794 897
1795 5363
1796 898
1797 5364
1798 899
1799 5365
1800 900
1801 5366
1802 901
1803 5367
1804 902
1805 5368
1806 903
1807 5369
1808 904
1809 5370
1810 905
1811 5371
1812 906
1813 5372
1814 907
1815 5373
1816 908
1817 5374
1818 909
1819 5375
1820 910
1821 5376
1822 911
1823 5377
1824 912
1825 5378
1826 913
1827 5379
1828 914
1829 5380
1830 915
1831 5381
1832 916
1833 5382
1834 917
1835 5383
1836 918
1837 5384
1838 919
1839 5385
1840 920
1841 5386
1842 921
1843 5387
1844 922
1845 5388
1846 923
1847 5389
1848 924
1849 5390
1850 925
1851 5391
1852 926
1853 5392
1854 927
1855 5393
1856 928
1857 5394
1858 929
1859 5395
1860 930
1861 5396
1862 931
1863 5397
1864 932
1865 5398
1866 933
1867 5399
1868 934
1869 5400
1870 935
1871 5401
1872 936
1873 5402
1874 937
1875 5403
1876 938
1877 5404
1878 939
1879 5405
1880 940
1881 5406
1882 941
1883 5407
1884 942
1885 5408
1886 943
1887 5409
1888 944
1889 5410
1890 945
1891 5411
1892 946
1893 5412
1894 947
1895 5413
1896 948
1897 5414
1898 949
1899 5415
1900 950
1901 5416
1902 951
1903 5417
1904 952
1905 5418
1906 953
1907 5419
1908 954
1909 5420
1910 955
1911 5421
1912 956
1913 5422
1914 957
1915 5423
1916 958
1917 5424
1918 959
1919 5425
1920 960
1921 5426
1922 961
1923 5427
1924 962
1925 5428
1926 963
1927 5429
1928 964
1929 5430
1930 965
1931 5431
1932 966
1933 5432
1934 967
1935 5433
1936 968
1937 5434
1938 969
1939 5435
1940 970
1941 5436
1942 971
1943 5437
1944 972
1945 5438
1946 973
1947 5439
1948 974
1949 5440
1950 975
1951 5441
1952 976
1953 5442
1954 977
1955 5443
1956 978
1957 5444
1958 979
1959 5445
1960 980
1961 5446
1962 981
1963 5447
1964 982
1965 5448
1966 983
1967 5449
1968 984
1969 5450
1970 985
1971 5451
1972 986
1973 5452
1974 987
1975 5453
1976 988
1977 5454
1978 989
1979 5455
1980 990
1981 5456
1982 991
1983 5457
1984 992
1985 5458
1986 993
1987 5459
1988 994
1989 5460
1990 995
1991 5461
1992 996
1993 5462
1994 997
1995 5463
1996 998
1997 5464
1998 999
1999 5465
2000 1000
2001 5466
2002 1001
2003 5467
2004 1002
2005 5468
2006 1003
2007 5469
2008 1004
2009 5470
2010 1005
2011 5471
2012 1006
2013 5472
2014 1007
2015 5473
2016 1008
2017 5474
2018 1009
2019 5475
2020 1010
2021 5476
2022 1011
2023 5477
2024 1012
2025 5478
2026 1013
2027 5479
2028 1014
2029 5480
2030 1015
2031 5481
2032 1016
2033 5482
2034 1017
2035 5483
2036 1018
2037 5484
2038 1019
2039 5485
2040 1020
2041 5486
2042 1021
2043 5487
2044 1022
2045 5488
2046 1023
2047 5489
2048 1024
2049 5490
2050 1025
2051 5491
2052 1026
2053 5492
2054 1027
2055 5493
2056 1028
2057 5494
2058 1029
2059 5495
2060 1030
2061 5496
2062 1031
2063 5497
2064 1032
2065 5498
2066 1033
2067 5499
2068 1034
2069 5500
2070 1035
2071 5501
2072 1036
2073 5502
2074 1037
2075 5503
2076 1038
2077 5504
2078 1039
2079 5505
2080 1040
2081 5506
2082 1041
2083 5507
2084 1042
2085 5508
2086 1043
2087 5509
2088 1044
2089 5510
2090 1045
2091 5511
2092 1046
2093 5512
2094 1047
2095 5513
2096 1048
2097 5514
2098 1049
2099 5515
2100 1050
2101 5516
2102 1051
2103 5517
2104 1052
2105 5518
2106 1053
2107 5519
2108 1054
2109 5520
2110 1055
2111 5521
2112 1056
2113 5522
2114 1057
2115 5523
2116 1058
2117 5524
2118 1059
2119 5525
2120 1060
2121 5526
2122 1061
2123 5527
2124 1062
2125 5528
2126 1063
2127 5529
2128 1064
2129 5530
2130 1065
2131 5531
2132 1066
2133 5532
2134 1067
2135 5533
2136 1068
2137 5534
2138 1069
2139 5535
2140 1070
2141 5536
2142 1071
2143 5537
2144 1072
2145 5538
2146 1073
2147 5539
2148 1074
2149 5540
2150 1075
2151 5541
2152 1076
2153 5542
2154 1077
2155 5543
2156 1078
2157 5544
2158 1079
2159 5545
2160 1080
2161 5546
2162 1081
2163 5547
2164 1082
2165 5548
2166 1083
2167 5549
2168 1084
2169 5550
2170 1085
2171 5551
2172 1086
2173 5552
2174 1087
2175 5553
2176 1088
2177 5554
2178 1089
2179 5555
2180 1090
2181 5556
2182 1091
2183 5557
2184 1092
2185 5558
2186 1093
2187 5559
2188 1094
2189 5560
2190 1095
2191 5561
2192 1096
2193 5562
2194 1097
2195 5563
2196 1098
2197 5564
2198 1099
2199 5565
2200 1100
2201 5566
2202 1101
2203 5567
2204 1102
2205 5568
2206 1103
2207 5569
2208 1104
2209 5570
2210 1105
2211 5571
2212 1106
2213 5572
2214 1107
2215 5573
2216 1108
2217 5574
2218 1109
2219 5575
2220 1110
2221 5576
2222 1111
2223 5577
2224 1112
2225 5578
2226 1113
2227 5579
2228 1114
2229 5580
2230 1115
2231 5581
2232 1116
2233 5582
2234 1117
2235 5583
2236 1118
2237 5584
2238 1119
2239 5585
2240 1120
2241 5586
2242 1121
2243 5587
2244 1122
2245 5588
2246 1123
2247 5589
2248 1124
2249 5590
2250 1125
2251 5591
2252 1126
2253 5592
2254 1127
2255 5593
2256 1128
2257 5594
2258 1129
2259 5595
2260 1130
2261 5596
2262 1131
2263 5597
2264 1132
2265 5598
2266 1133
2267 5599
2268 1134
2269 5600
2270 1135
2271 5601
2272 1136
2273 5602
2274 1137
2275 5603
2276 1138
2277 5604
2278 1139
2279 5605
2280 1140
2281 5606
2282 1141
2283 5607
2284 1142
2285 5608
2286 1143
2287 5609
2288 1144
2289 5610
2290 1145
2291 5611
2292 1146
2293 5612
2294 1147
2295 5613
2296 1148
2297 5614
2298 1149
2299 5615
2300 1150
2301 5616
2302 1151
2303 5617
2304 1152
2305 5618
2306 1153
2307 5619
2308 1154
2309 5620
2310 1155
2311 5621
2312 1156
2313 5622
2314 1157
2315 5623
2316 1158
2317 5624
2318 1159
2319 5625
2320 1160
2321 5626
2322 1161
2323 5627
2324 1162
2325 5628
2326 1163
2327 5629
2328 1164
2329 5630
2330 1165
2331 5631
2332 1166
2333 5632
2334 1167
2335 5633
2336 1168
2337 5634
2338 1169
2339 5635
2340 1170
2341 5636
2342 1171
2343 5637
2344 1172
2345 5638
2346 1173
2347 5639
2348 1174
2349 5640
2350 1175
2351 5641
2352 1176
2353 5642
2354 1177
2355 5643
2356 1178
2357 5644
2358 1179
2359 5645
2360 1180
2361 5646
2362 1181
2363 5647
2364 1182
2365 5648
2366 1183
2367 5649
2368 1184
2369 5650
2370 1185
2371 5651
2372 1186
2373 5652
2374 1187
2375 5653
2376 1188
2377 5654
2378 1189
2379 5655
2380 1190
2381 5656
2382 1191
2383 5657
2384 1192
2385 5658
2386 1193
2387 5659
2388 1194
2389 5660
2390 1195
2391 5661
2392 1196
2393 5662
2394 1197
2395 5663
2396 1198
2397 5664
2398 1199
2399 5665
2400 1200
2401 5666
2402 1201
2403 5667
2404 1202
2405 5668
2406 1203
2407 5669
2408 1204
2409 5670
2410 1205
2411 5671
2412 1206
2413 5672
2414 1207
2415 5673
2416 1208
2417 5674
2418 1209
2419 5675
2420 1210
2421 5676
2422 1211
2423 5677
2424 1212
2425 5678
2426 1213
2427 5679
2428 1214
2429 5680
2430 1215
2431 5681
2432 1216
2433 5682
2434 1217
2435 5683
2436 1218
2437 5684
2438 1219
2439 5685
2440 1220
2441 5686
2442 1221
2443 5687
2444 1222
2445 5688
2446 1223
2447 5689
2448 1224
2449 5690
2450 1225
2451 5691
2452 1226
2453 5692
2454 1227
2455 5693
2456 1228
2457 5694
2458 1229
2459 5695
2460 1230
2461 5696
2462 1231
2463 5697
2464 1232
2465 5698
2466 1233
2467 5699
2468 1234
2469 5700
2470 1235
2471 5701
2472 1236
2473 5702
2474 1237
2475 5703
2476 1238
2477 5704
2478 1239
2479 5705
2480 1240
2481 5706
2482 1241
2483 5707
2484 1242
2485 5708
2486 1243
2487 5709
2488 1244
2489 5710
2490 1245
2491 5711
2492 1246
2493 5712
2494 1247
2495 5713
2496 1248
2497 5714
2498 1249
2499 5715
2500 1250
2501 5716
2502 1251
2503 5717
2504 1252
2505 5718
2506 1253
2507 5719
2508 1254
2509 5720
2510 1255
2511 5721
2512 1256
2513 5722
2514 1257
2515 5723
2516 1258
2517 5724
2518 1259
2519 5725
2520 1260
2521 5726
2522 1261
2523 5727
2524 1262
2525 5728
2526 1263
2527 5729
2528 1264
2529 5730
2530 1265
2531 5731
2532 1266
2533 5732
2534 1267
2535 5733
2536 1268
2537 5734
2538 1269
2539 5735
2540 1270
2541 5736
2542 1271
2543 5737
2544 1272
2545 5738
2546 1273
2547 5739
2548 1274
2549 5740
2550 1275
2551 5741
2552 1276
2553 5742
2554 1277
2555 5743
2556 1278
2557 5744
2558 1279
2559 5745
2560 1280
2561 5746
2562 1281
2563 5747
2564 1282
2565 5748
2566 1283
2567 5749
2568 1284
2569 5750
2570 1285
2571 5751
2572 1286
2573 5752
2574 1287
2575 5753
2576 1288
2577 5754
2578 1289
2579 5755
2580 1290
2581 5756
2582 1291
2583 5757
2584 1292
2585 5758
2586 1293
2587 5759
2588 1294
2589 5760
2590 1295
2591 5761
2592 1296
2593 5762
2594 1297
2595 5763
2596 1298
2597 5764
2598 1299
2599 5765
2600 1300
2601 5766
2602 1301
2603 5767
2604 1302
2605 5768
2606 1303
2607 5769
2608 1304
2609 5770
2610 1305
2611 5771
2612 1306
2613 5772
2614 1307
2615 5773
2616 1308
2617 5774
2618 1309
2619 5775
2620 1310
2621 5776
2622 1311
2623 5777
2624 1312
2625 5778
2626 1313
2627 5779
2628 1314
2629 5780
2630 1315
2631 5781
2632 1316
2633 5782
2634 1317
2635 5783
2636 1318
2637 5784
2638 1319
2639 5785
2640 1320
2641 5786
2642 1321
2643 5787
2644 1322
2645 5788
2646 1323
2647 5789
2648 1324
2649 5790
2650 1325
2651 5791
2652 1326
2653 5792
2654 1327
2655 5793
2656 1328
2657 5794
2658 1329
2659 5795
2660 1330
2661 5796
2662 1331
2663 5797
2664 1332
2665 5798
2666 1333
2667 5799
2668 1334
2669 5800
2670 1335
2671 5801
2672 1336
2673 5802
2674 1337
2675 5803
2676 1338
2677 5804
2678 1339
2679 5805
2680 1340
2681 5806
2682 1341
2683 5807
2684 1342
2685 5808
2686 1343
2687 5809
2688 1344
2689 5810
2690 1345
2691 5811
2692 1346
2693 5812
2694 1347
2695 5813
2696 1348
2697 5814
2698 1349
2699 5815
2700 1350
2701 5816
2702 1351
2703 5817
2704 1352
2705 5818
2706 1353
2707 5819
2708 1354
2709 5820
2710 1355
2711 5821
2712 1356
2713 5822
2714 1357
2715 5823
2716 1358
2717 5824
2718 1359
2719 5825
2720 1360
2721 5826
2722 1361
2723 5827
2724 1362
2725 5828
2726 1363
2727 5829
2728 1364
2729 5830
2730 1365
2731 5831
2732 1366
2733 5832
2734 1367
2735 5833
2736 1368
2737 5834
2738 1369
2739 5835
2740 1370
2741 5836
2742 1371
2743 5837
2744 1372
2745 5838
2746 1373
2747 5839
2748 1374
2749 5840
2750 1375
2751 5841
2752 1376
2753 5842
2754 1377
2755 5843
2756 1378
2757 5844
2758 1379
2759 5845
2760 1380
2761 5846
2762 1381
2763 5847
2764 1382
2765 5848
2766 1383
2767 5849
2768 1384
2769 5850
2770 1385
2771 5851
2772 1386
2773 5852
2774 1387
2775 5853
2776 1388
2777 5854
2778 1389
2779 5855
2780 1390
2781 5856
2782 1391
2783 5857
2784 1392
2785 5858
2786 1393
2787 5859
2788 1394
2789 5860
2790 1395
2791 5861
2792 1396
2793 5862
2794 1397
2795 5863
2796 1398
2797 5864
2798 1399
2799 5865
2800 1400
2801 5866
2802 1401
2803 5867
2804 1402
2805 5868
2806 1403
2807 5869
2808 1404
2809 5870
2810 1405
2811 5871
2812 1406
2813 5872
2814 1407
2815 5873
2816 1408
2817 5874
2818 1409
2819 5875
2820 1410
2821 5876
2822 1411
2823 5877
2824 1412
2825 5878
2826 1413
2827 5879
2828 1414
2829 5880
2830 1415
2831 5881
2832 1416
2833 5882
2834 1417
2835 5883
2836 1418
2837 5884
2838 1419
2839 5885
2840 1420
2841 5886
2842 1421
2843 5887
2844 1422
2845 5888
2846 1423
2847 5889
2848 1424
2849 5890
2850 1425
2851 5891
2852 1426
2853 5892
2854 1427
2855 5893
2856 1428
2857 5894
2858 1429
2859 5895
2860 1430
2861 5896
2862 1431
2863 5897
2864 1432
2865 5898
2866 1433
2867 5899
2868 1434
2869 5900
2870 1435
2871 5901
2872 1436
2873 5902
2874 1437
2875 5903
2876 1438
2877 5904
2878 1439
2879 5905
2880 1440
2881 5906
2882 1441
2883 5907
2884 1442
2885 5908
2886 1443
2887 5909
2888 1444
2889 5910
2890 1445
2891 5911
2892 1446
2893 5912
2894 1447
2895 5913
2896 1448
2897 5914
2898 1449
2899 5915
2900 1450
2901 5916
2902 1451
2903 5917
2904 1452
2905 5918
2906 1453
2907 5919
2908 1454
2909 5920
2910 1455
2911 5921
2912 1456
2913 5922
2914 1457
2915 5923
2916 1458
2917 5924
2918 1459
2919 5925
2920 1460
2921 5926
2922 1461
2923 5927
2924 1462
2925 5928
2926 1463
2927 5929
2928 1464
2929 5930
2930 1465
2931 5931
2932 1466
2933 5932
2934 1467
2935 5933
2936 1468
2937 5934
2938 1469
2939 5935
2940 1470
2941 5936
2942 1471
2943 5937
2944 1472
2945 5938
2946 1473
2947 5939
2948 1474
2949 5940
2950 1475
2951 5941
2952 1476
2953 5942
2954 1477
2955 5943
2956 1478
2957 5944
2958 1479
2959 5945
2960 1480
2961 5946
2962 1481
2963 5947
2964 1482
2965 5948
2966 1483
2967 5949
2968 1484
2969 5950
2970 1485
2971 5951
2972 1486
2973 5952
2974 1487
2975 5953
2976 1488
2977 5954
2978 1489
2979 5955
2980 1490
2981 5956
2982 1491
2983 5957
2984 1492
2985 5958
2986 1493
2987 5959
2988 1494
2989 5960
2990 1495
2991 5961
2992 1496
2993 5962
2994 1497
2995 5963
2996 1498
2997 5964
2998 1499
2999 5965
3000 1500
3001 5966
3002 1501
3003 5967
3004 1502
3005 5968
3006 1503
3007 5969
3008 1504
3009 5970
3010 1505
3011 5971
3012 1506
3013 5972
3014 1507
3015 5973
3016 1508
3017 5974
3018 1509
3019 5975
3020 1510
3021 5976
3022 1511
3023 5977
3024 1512
3025 5978
3026 1513
3027 5979
3028 1514
3029 5980
3030 1515
3031 5981
3032 1516
3033 5982
3034 1517
3035 5983
3036 1518
3037 5984
3038 1519
3039 5985
3040 1520
3041 5986
3042 1521
3043 5987
3044 1522
3045 5988
3046 1523
3047 5989
3048 1524
3049 5990
3050 1525
3051 5991
3052 1526
3053 5992
3054 1527
3055 5993
3056 1528
3057 5994
3058 1529
3059 5995
3060 1530
3061 5996
3062 1531
3063 5997
3064 1532
3065 5998
3066 1533
3067 5999
3068 1534
3069 6000
3070 1535
3071 6001
3072 1536
3073 6002
3074 1537
3075 6003
3076 1538
3077 6004
3078 1539
3079 6005
3080 1540
3081 6006
3082 1541
3083 6007
3084 1542
3085 6008
3086 1543
3087 6009
3088 1544
3089 6010
3090 1545
3091 6011
3092 1546
3093 6012
3094 1547
3095 6013
3096 1548
3097 6014
3098 1549
3099 6015
3100 1550
3101 6016
3102 1551
3103 6017
3104 1552
3105 6018
3106 1553
3107 6019
3108 1554
3109 6020
3110 1555
3111 6021
3112 1556
3113 6022
3114 1557
3115 6023
3116 1558
3117 6024
3118 1559
3119 6025
3120 1560
3121 6026
3122 1561
3123 6027
3124 1562
3125 6028
3126 1563
3127 6029
3128 1564
3129 6030
3130 1565
3131 6031
3132 1566
3133 6032
3134 1567
3135 6033
3136 1568
3137 6034
3138 1569
3139 6035
3140 1570
3141 6036
3142 1571
3143 6037
3144 1572
3145 6038
3146 1573
3147 6039
3148 1574
3149 6040
3150 1575
3151 6041
3152 1576
3153 6042
3154 1577
3155 6043
3156 1578
3157 6044
3158 1579
3159 6045
3160 1580
3161 6046
3162 1581
3163 6047
3164 1582
3165 6048
3166 1583
3167 6049
3168 1584
3169 6050
3170 1585
3171 6051
3172 1586
3173 6052
3174 1587
3175 6053
3176 1588
3177 6054
3178 1589
3179 6055
3180 1590
3181 6056
3182 1591
3183 6057
3184 1592
3185 6058
3186 1593
3187 6059
3188 1594
3189 6060
3190 1595
3191 6061
3192 1596
3193 6062
3194 1597
3195 6063
3196 1598
3197 6064
3198 1599
3199 6065
3200 1600
3201 6066
3202 1601
3203 6067
3204 1602
3205 6068
3206 1603
3207 6069
3208 1604
3209 6070
3210 1605
3211 6071
3212 1606
3213 6072
3214 1607
3215 6073
3216 1608
3217 6074
3218 1609
3219 6075
3220 1610
3221 6076
3222 1611
3223 6077
3224 1612
3225 6078
3226 1613
3227 6079
3228 1614
3229 6080
3230 1615
3231 6081
3232 1616
3233 6082
3234 1617
3235 6083
3236 1618
3237 6084
3238 1619
3239 6085
3240 1620
3241 6086
3242 1621
3243 6087
3244 1622
3245 6088
3246 1623
3247 6089
3248 1624
3249 6090
3250 1625
3251 6091
3252 1626
3253 6092
3254 1627
3255 6093
3256 1628
3257 6094
3258 1629
3259 6095
3260 1630
3261 6096
3262 1631
3263 6097
3264 1632
3265 6098
3266 1633
3267 6099
3268 1634
3269 6100
3270 1635
3271 6101
3272 1636
3273 6102
3274 1637
3275 6103
3276 1638
3277 6104
3278 1639
3279 6105
3280 1640
3281 6106
3282 1641
3283 6107
3284 1642
3285 6108
3286 1643
3287 6109
3288 1644
3289 6110
3290 1645
3291 6111
3292 1646
3293 6112
3294 1647
3295 6113
3296 1648
3297 6114
3298 1649
3299 6115
3300 1650
3301 6116
3302 1651
3303 6117
3304 1652
3305 6118
3306 1653
3307 6119
3308 1654
3309 6120
3310 1655
3311 6121
3312 1656
3313 6122
3314 1657
3315 6123
3316 1658
3317 6124
3318 1659
3319 6125
3320 1660
3321 6126
3322 1661
3323 6127
3324 1662
3325 6128
3326 1663
3327 6129
3328 1664
3329 6130
3330 1665
3331 6131
3332 1666
3333 6132
3334 1667
3335 6133
3336 1668
3337 6134
3338 1669
3339 6135
3340 1670
3341 6136
3342 1671
3343 6137
3344 1672
3345 6138
3346 1673
3347 6139
3348 1674
3349 6140
3350 1675
3351 6141
3352 1676
3353 6142
3354 1677
3355 6143
3356 1678
3357 6144
3358 1679
3359 6145
3360 1680
3361 6146
3362 1681
3363 6147
3364 1682
3365 6148
3366 1683
3367 6149
3368 1684
3369 6150
3370 1685
3371 6151
3372 1686
3373 6152
3374 1687
3375 6153
3376 1688
3377 6154
3378 1689
3379 6155
3380 1690
3381 6156
3382 1691
3383 6157
3384 1692
3385 6158
3386 1693
3387 6159
3388 1694
3389 6160
3390 1695
3391 6161
3392 1696
3393 6162
3394 1697
3395 6163
3396 1698
3397 6164
3398 1699
3399 6165
3400 1700
3401 6166
3402 1701
3403 6167
3404 1702
3405 6168
3406 1703
3407 6169
3408 1704
3409 6170
3410 1705
3411 6171
3412 1706
3413 6172
3414 1707
3415 6173
3416 1708
3417 6174
3418 1709
3419 6175
3420 1710
3421 6176
3422 1711
3423 6177
3424 1712
3425 6178
3426 1713
3427 6179
3428 1714
3429 6180
3430 1715
3431 6181
3432 1716
3433 6182
3434 1717
3435 6183
3436 1718
3437 6184
3438 1719
3439 6185
3440 1720
3441 6186
3442 1721
3443 6187
3444 1722
3445 6188
3446 1723
3447 6189
3448 1724
3449 6190
3450 1725
3451 6191
3452 1726
3453 6192
3454 1727
3455 6193
3456 1728
3457 6194
3458 1729
3459 6195
3460 1730
3461 6196
3462 1731
3463 6197
3464 1732
3465 6198
3466 1733
3467 6199
3468 1734
3469 6200
3470 1735
3471 6201
3472 1736
3473 6202
3474 1737
3475 6203
3476 1738
3477 6204
3478 1739
3479 6205
3480 1740
3481 6206
3482 1741
3483 6207
3484 1742
3485 6208
3486 1743
3487 6209
3488 1744
3489 6210
3490 1745
3491 6211
3492 1746
3493 6212
3494 1747
3495 6213
3496 1748
3497 6214
3498 1749
3499 6215
3500 1750
3501 6216
3502 1751
3503 6217
3504 1752
3505 6218
3506 1753
3507 6219
3508 1754
3509 6220
3510 1755
3511 6221
3512 1756
3513 6222
3514 1757
3515 6223
3516 1758
3517 6224
3518 1759
3519 6225
3520 1760
3521 6226
3522 1761
3523 6227
3524 1762
3525 6228
3526 1763
3527 6229
3528 1764
3529 6230
3530 1765
3531 6231
3532 1766
3533 6232
3534 1767
3535 6233
3536 1768
3537 6234
3538 1769
3539 6235
3540 1770
3541 6236
3542 1771
3543 6237
3544 1772
3545 6238
3546 1773
3547 6239
3548 1774
3549 6240
3550 1775
3551 6241
3552 1776
3553 6242
3554 1777
3555 6243
3556 1778
3557 6244
3558 1779
3559 6245
3560 1780
3561 6246
3562 1781
3563 6247
3564 1782
3565 6248
3566 1783
3567 6249
3568 1784
3569 6250
3570 1785
3571 6251
3572 1786
3573 6252
3574 1787
3575 6253
3576 1788
3577 6254
3578 1789
3579 6255
3580 1790
3581 6256
3582 1791
3583 6257
3584 1792
3585 6258
3586 1793
3587 6259
3588 1794
3589 6260
3590 1795
3591 6261
3592 1796
3593 6262
3594 1797
3595 6263
3596 1798
3597 6264
3598 1799
3599 6265
3600 1800
3601 6266
3602 1801
3603 6267
3604 1802
3605 6268
3606 1803
3607 6269
3608 1804
3609 6270
3610 1805
3611 6271
3612 1806
3613 6272
3614 1807
3615 6273
3616 1808
3617 6274
3618 1809
3619 6275
3620 1810
3621 6276
3622 1811
3623 6277
3624 1812
3625 6278
3626 1813
3627 6279
3628 1814
3629 6280
3630 1815
3631 6281
3632 1816
3633 6282
3634 1817
3635 6283
3636 1818
3637 6284
3638 1819
3639 6285
3640 1820
3641 6286
3642 1821
3643 6287
3644 1822
3645 6288
3646 1823
3647 6289
3648 1824
3649 6290
3650 1825
3651 6291
3652 1826
3653 6292
3654 1827
3655 6293
3656 1828
3657 6294
3658 1829
3659 6295
3660 1830
3661 6296
3662 1831
3663 6297
3664 1832
3665 6298
3666 1833
3667 6299
3668 1834
3669 6300
3670 1835
3671 6301
3672 1836
3673 6302
3674 1837
3675 6303
3676 1838
3677 6304
3678 1839
3679 6305
3680 1840
3681 6306
3682 1841
3683 6307
3684 1842
3685 6308
3686 1843
3687 6309
3688 1844
3689 6310
3690 1845
3691 6311
3692 1846
3693 6312
3694 1847
3695 6313
3696 1848
3697 6314
3698 1849
3699 6315
3700 1850
3701 6316
3702 1851
3703 6317
3704 1852
3705 6318
3706 1853
3707 6319
3708 1854
3709 6320
3710 1855
3711 6321
3712 1856
3713 6322
3714 1857
3715 6323
3716 1858
3717 6324
3718 1859
3719 6325
3720 1860
3721 6326
3722 1861
3723 6327
3724 1862
3725 6328
3726 1863
3727 6329
3728 1864
3729 6330
3730 1865
3731 6331
3732 1866
3733 6332
3734 1867
3735 6333
3736 1868
3737 6334
3738 1869
3739 6335
3740 1870
3741 6336
3742 1871
3743 6337
3744 1872
3745 6338
3746 1873
3747 6339
3748 1874
3749 6340
3750 1875
3751 6341
3752 1876
3753 6342
3754 1877
3755 6343
3756 1878
3757 6344
3758 1879
3759 6345
3760 1880
3761 6346
3762 1881
3763 6347
3764 1882
3765 6348
3766 1883
3767 6349
3768 1884
3769 6350
3770 1885
3771 6351
3772 1886
3773 6352
3774 1887
3775 6353
3776 1888
3777 6354
3778 1889
3779 6355
3780 1890
3781 6356
3782 1891
3783 6357
3784 1892
3785 6358
3786 1893
3787 6359
3788 1894
3789 6360
3790 1895
3791 6361
3792 1896
3793 6362
3794 1897
3795 6363
3796 1898
3797 6364
3798 1899
3799 6365
3800 1900
3801 6366
3802 1901
3803 6367
3804 1902
3805 6368
3806 1903
3807 6369
3808 1904
3809 6370
3810 1905
3811 6371
3812 1906
3813 6372
3814 1907
3815 6373
3816 1908
3817 6374
3818 1909
3819 6375
3820 1910
3821 6376
3822 1911
3823 6377
3824 1912
3825 6378
3826 1913
3827 6379
3828 1914
3829 6380
3830 1915
3831 6381
3832 1916
3833 6382
3834 1917
3835 6383
3836 1918
3837 6384
3838 1919
3839 6385
3840 1920
3841 6386
3842 1921
3843 6387
3844 1922
3845 6388
3846 1923
3847 6389
3848 1924
3849 6390
3850 1925
3851 6391
3852 1926
3853 6392
3854 1927
3855 6393
3856 1928
3857 6394
3858 1929
3859 6395
3860 1930
3861 6396
3862 1931
3863 6397
3864 1932
3865 6398
3866 1933
3867 6399
3868 1934
3869 6400
3870 1935
3871 6401
3872 1936
3873 6402
3874 1937
3875 6403
3876 1938
3877 6404
3878 1939
3879 6405
3880 1940
3881 6406
3882 1941
3883 6407
3884 1942
3885 6408
3886 1943
3887 6409
3888 1944
3889 6410
3890 1945
3891 6411
3892 1946
3893 6412
3894 1947
3895 6413
3896 1948
3897 6414
3898 1949
3899 6415
3900 1950
3901 6416
3902 1951
3903 6417
3904 1952
3905 6418
3906 1953
3907 6419
3908 1954
3909 6420
3910 1955
3911 6421
3912 1956
3913 6422
3914 1957
3915 6423
3916 1958
3917 6424
3918 1959
3919 6425
3920 1960
3921 6426
3922 1961
3923 6427
3924 1962
3925 6428
3926 1963
3927 6429
3928 1964
3929 6430
3930 1965
3931 6431
3932 1966
3933 6432
3934 1967
3935 6433
3936 1968
3937 6434
3938 1969
3939 6435
3940 1970
3941 6436
3942 1971
3943 6437
3944 1972
3945 6438
3946 1973
3947 6439
3948 1974
3949 6440
3950 1975
3951 6441
3952 1976
3953 6442
3954 1977
3955 6443
3956 1978
3957 6444
3958 1979
3959 6445
3960 1980
3961 6446
3962 1981
3963 6447
3964 1982
3965 6448
3966 1983
3967 6449
3968 1984
3969 6450
3970 1985
3971 6451
3972 1986
3973 6452
3974 1987
3975 6453
3976 1988
3977 6454
3978 1989
3979 6455
3980 1990
3981 6456
3982 1991
3983 6457
3984 1992
3985 6458
3986 1993
3987 6459
3988 1994
3989 6460
3990 1995
3991 6461
3992 1996
3993 6462
3994 1997
3995 6463
3996 1998
3997 6464
3998 1999
3999 6465
4000 2000
4001 6466
4002 2001
4003 6467
4004 2002
4005 6468
4006 2003
4007 6469
4008 2004
4009 6470
4010 2005
4011 6471
4012 2006
4013 6472
4014 2007
4015 6473
4016 2008
4017 6474
4018 2009
4019 6475
4020 2010
4021 6476
4022 2011
4023 6477
4024 2012
4025 6478
4026 2013
4027 6479
4028 2014
4029 6480
4030 2015
4031 6481
4032 2016
4033 6482
4034 2017
4035 6483
4036 2018
4037 6484
4038 2019
4039 6485
4040 2020
4041 6486
4042 2021
4043 6487
4044 2022
4045 6488
4046 2023
4047 6489
4048 2024
4049 6490
4050 2025
4051 6491
4052 2026
4053 6492
4054 2027
4055 6493
4056 2028
4057 6494
4058 2029
4059 6495
4060 2030
4061 6496
4062 2031
4063 6497
4064 2032
4065 6498
4066 2033
4067 6499
4068 2034
4069 6500
4070 2035
4071 6501
4072 2036
4073 6502
4074 2037
4075 6503
4076 2038
4077 6504
4078 2039
4079 6505
4080 2040
4081 6506
4082 2041
4083 6507
4084 2042
4085 6508
4086 2043
4087 6509
4088 2044
4089 6510
4090 2045
4091 6511
4092 2046
4093 6512
4094 2047
4095 6513
4096 2048
4097 6514
4098 2049
4099 6515
4100 2050
4101 6516
4102 2051
4103 6517
4104 2052
4105 6518
4106 2053
4107 6519
4108 2054
4109 6520
4110 2055
4111 6521
4112 2056
4113 6522
4114 2057
4115 6523
4116 2058
4117 6524
4118 2059
4119 6525
4120 2060
4121 6526
4122 2061
4123 6527
4124 2062
4125 6528
4126 2063
4127 6529
4128 2064
4129 6530
4130 2065
4131 6531
4132 2066
4133 6532
4134 2067
4135 6533
4136 2068
4137 6534
4138 2069
4139 6535
4140 2070
4141 6536
4142 2071
4143 6537
4144 2072
4145 6538
4146 2073
4147 6539
4148 2074
4149 6540
4150 2075
4151 6541
4152 2076
4153 6542
4154 2077
4155 6543
4156 2078
4157 6544
4158 2079
4159 6545
4160 2080
4161 6546
4162 2081
4163 6547
4164 2082
4165 6548
4166 2083
4167 6549
4168 2084
4169 6550
4170 2085
4171 6551
4172 2086
4173 6552
4174 2087
4175 6553
4176 2088
4177 6554
4178 2089
4179 6555
4180 2090
4181 6556
4182 2091
4183 6557
4184 2092
4185 6558
4186 2093
4187 6559
4188 2094
4189 6560
4190 2095
4191 6561
4192 2096
4193 6562
4194 2097
4195 6563
4196 2098
4197 6564
4198 2099
4199 6565
4200 2100
4201 6566
4202 2101
4203 6567
4204 2102
4205 6568
4206 2103
4207 6569
4208 2104
4209 6570
4210 2105
4211 6571
4212 2106
4213 6572
4214 2107
4215 6573
4216 2108
4217 6574
4218 2109
4219 6575
4220 2110
4221 6576
4222 2111
4223 6577
4224 2112
4225 6578
4226 2113
4227 6579
4228 2114
4229 6580
4230 2115
4231 6581
4232 2116
4233 6582
4234 2117
4235 6583
4236 2118
4237 6584
4238 2119
4239 6585
4240 2120
4241 6586
4242 2121
4243 6587
4244 2122
4245 6588
4246 2123
4247 6589
4248 2124
4249 6590
4250 2125
4251 6591
4252 2126
4253 6592
4254 2127
4255 6593
4256 2128
4257 6594
4258 2129
4259 6595
4260 2130
4261 6596
4262 2131
4263 6597
4264 2132
4265 6598
4266 2133
4267 6599
4268 2134
4269 6600
4270 2135
4271 6601
4272 2136
4273 6602
4274 2137
4275 6603
4276 2138
4277 6604
4278 2139
4279 6605
4280 2140
4281 6606
4282 2141
4283 6607
4284 2142
4285 6608
4286 2143
4287 6609
4288 2144
4289 6610
4290 2145
4291 6611
4292 2146
4293 6612
4294 2147
4295 6613
4296 2148
4297 6614
4298 2149
4299 6615
4300 2150
4301 6616
4302 2151
4303 6617
4304 2152
4305 6618
4306 2153
4307 6619
4308 2154
4309 6620
4310 2155
4311 6621
4312 2156
4313 6622
4314 2157
4315 6623
4316 2158
4317 6624
4318 2159
4319 6625
4320 2160
4321 6626
4322 2161
4323 6627
4324 2162
4325 6628
4326 2163
4327 6629
4328 2164
4329 6630
4330 2165
4331 6631
4332 2166
4333 6632
4334 2167
4335 6633
4336 2168
4337 6634
4338 2169
4339 6635
4340 2170
4341 6636
4342 2171
4343 6637
4344 2172
4345 6638
4346 2173
4347 6639
4348 2174
4349 6640
4350 2175
4351 6641
4352 2176
4353 6642
4354 2177
4355 6643
4356 2178
4357 6644
4358 2179
4359 6645
4360 2180
4361 6646
4362 2181
4363 6647
4364 2182
4365 6648
4366 2183
4367 6649
4368 2184
4369 6650
4370 2185
4371 6651
4372 2186
4373 6652
4374 2187
4375 6653
4376 2188
4377 6654
4378 2189
4379 6655
4380 2190
4381 6656
4382 2191
4383 6657
4384 2192
4385 6658
4386 2193
4387 6659
4388 2194
4389 6660
4390 2195
4391 6661
4392 2196
4393 6662
4394 2197
4395 6663
4396 2198
4397 6664
4398 2199
4399 6665
4400 2200
4401 6666
4402 2201
4403 6667
4404 2202
4405 6668
4406 2203
4407 6669
4408 2204
4409 6670
4410 2205
4411 6671
4412 2206
4413 6672
4414 2207
4415 6673
4416 2208
4417 6674
4418 2209
4419 6675
4420 2210
4421 6676
4422 2211
4423 6677
4424 2212
4425 6678
4426 2213
4427 6679
4428 2214
4429 6680
4430 2215
4431 6681
4432 2216
4433 6682
4434 2217
4435 6683
4436 2218
4437 6684
4438 2219
4439 6685
4440 2220
4441 6686
4442 2221
4443 6687
4444 2222
4445 6688
4446 2223
4447 6689
4448 2224
4449 6690
4450 2225
4451 6691
4452 2226
4453 6692
4454 2227
4455 6693
4456 2228
4457 6694
4458 2229
4459 6695
4460 2230
4461 6696
4462 2231
4463 6697
4464 2232
4465 6698
4466 2233
4467 6699
4468 2234
4469 6700
4470 2235
4471 6701
4472 2236
4473 6702
4474 2237
4475 6703
4476 2238
4477 6704
4478 2239
4479 6705
4480 2240
4481 6706
4482 2241
4483 6707
4484 2242
4485 6708
4486 2243
4487 6709
4488 2244
4489 6710
4490 2245
4491 6711
4492 2246
4493 6712
4494 2247
4495 6713
4496 2248
4497 6714
4498 2249
4499 6715
4500 2250
4501 6716
4502 2251
4503 6717
4504 2252
4505 6718
4506 2253
4507 6719
4508 2254
4509 6720
4510 2255
4511 6721
4512 2256
4513 6722
4514 2257
4515 6723
4516 2258
4517 6724
4518 2259
4519 6725
4520 2260
4521 6726
4522 2261
4523 6727
4524 2262
4525 6728
4526 2263
4527 6729
4528 2264
4529 6730
4530 2265
4531 6731
4532 2266
4533 6732
4534 2267
4535 6733
4536 2268
4537 6734
4538 2269
4539 6735
4540 2270
4541 6736
4542 2271
4543 6737
4544 2272
4545 6738
4546 2273
4547 6739
4548 2274
4549 6740
4550 2275
4551 6741
4552 2276
4553 6742
4554 2277
4555 6743
4556 2278
4557 6744
4558 2279
4559 6745
4560 2280
4561 6746
4562 2281
4563 6747
4564 2282
4565 6748
4566 2283
4567 6749
4568 2284
4569 6750
4570 2285
4571 6751
4572 2286
4573 6752
4574 2287
4575 6753
4576 2288
4577 6754
4578 2289
4579 6755
4580 2290
4581 6756
4582 2291
4583 6757
4584 2292
4585 6758
4586 2293
4587 6759
4588 2294
4589 6760
4590 2295
4591 6761
4592 2296
4593 6762
4594 2297
4595 6763
4596 2298
4597 6764
4598 2299
4599 6765
4600 2300
4601 6766
4602 2301
4603 6767
4604 2302
4605 6768
4606 2303
4607 6769
4608 2304
4609 6770
4610 2305
4611 6771
4612 2306
4613 6772
4614 2307
4615 6773
4616 2308
4617 6774
4618 2309
4619 6775
4620 2310
4621 6776
4622 2311
4623 6777
4624 2312
4625 6778
4626 2313
4627 6779
4628 2314
4629 6780
4630 2315
4631 6781
4632 2316
4633 6782
4634 2317
4635 6783
4636 2318
4637 6784
4638 2319
4639 6785
4640 2320
4641 6786
4642 2321
4643 6787
4644 2322
4645 6788
4646 2323
4647 6789
4648 2324
4649 6790
4650 2325
4651 6791
4652 2326
4653 6792
4654 2327
4655 6793
4656 2328
4657 6794
4658 2329
4659 6795
4660 2330
4661 6796
4662 2331
4663 6797
4664 2332
4665 6798
4666 2333
4667 6799
4668 2334
4669 6800
4670 2335
4671 6801
4672 2336
4673 6802
4674 2337
4675 6803
4676 2338
4677 6804
4678 2339
4679 6805
4680 2340
4681 6806
4682 2341
4683 6807
4684 2342
4685 6808
4686 2343
4687 6809
4688 2344
4689 6810
4690 2345
4691 6811
4692 2346
4693 6812
4694 2347
4695 6813
4696 2348
4697 6814
4698 2349
4699 6815
4700 2350
4701 6816
4702 2351
4703 6817
4704 2352
4705 6818
4706 2353
4707 6819
4708 2354
4709 6820
4710 2355
4711 6821
4712 2356
4713 6822
4714 2357
4715 6823
4716 2358
4717 6824
4718 2359
4719 6825
4720 2360
4721 6826
4722 2361
4723 6827
4724 2362
4725 6828
4726 2363
4727 6829
4728 2364
4729 6830
4730 2365
4731 6831
4732 2366
4733 6832
4734 2367
4735 6833
4736 2368
4737 6834
4738 2369
4739 6835
4740 2370
4741 6836
4742 2371
4743 6837
4744 2372
4745 6838
4746 2373
4747 6839
4748 2374
4749 6840
4750 2375
4751 6841
4752 2376
4753 6842
4754 2377
4755 6843
4756 2378
4757 6844
4758 2379
4759 6845
4760 2380
4761 6846
4762 2381
4763 6847
4764 2382
4765 6848
4766 2383
4767 6849
4768 2384
4769 6850
4770 2385
4771 6851
4772 2386
4773 6852
4774 2387
4775 6853
4776 2388
4777 6854
4778 2389
4779 6855
4780 2390
4781 6856
4782 2391
4783 6857
4784 2392
4785 6858
4786 2393
4787 6859
4788 2394
4789 6860
4790 2395
4791 6861
4792 2396
4793 6862
4794 2397
4795 6863
4796 2398
4797 6864
4798 2399
4799 6865
4800 2400
4801 6866
4802 2401
4803 6867
4804 2402
4805 6868
4806 2403
4807 6869
4808 2404
4809 6870
4810 2405
4811 6871
4812 2406
4813 6872
4814 2407
4815 6873
4816 2408
4817 6874
4818 2409
4819 6875
4820 2410
4821 6876
4822 2411
4823 6877
4824 2412
4825 6878
4826 2413
4827 6879
4828 2414
4829 6880
4830 2415
4831 6881
4832 2416
4833 6882
4834 2417
4835 6883
4836 2418
4837 6884
4838 2419
4839 6885
4840 2420
4841 6886
4842 2421
4843 6887
4844 2422
4845 6888
4846 2423
4847 6889
4848 2424
4849 6890
4850 2425
4851 6891
4852 2426
4853 6892
4854 2427
4855 6893
4856 2428
4857 6894
4858 2429
4859 6895
4860 2430
4861 6896
4862 2431
4863 6897
4864 2432
4865 6898
4866 2433
4867 6899
4868 2434
4869 6900
4870 2435
4871 6901
4872 2436
4873 6902
4874 2437
4875 6903
4876 2438
4877 6904
4878 2439
4879 6905
4880 2440
4881 6906
4882 2441
4883 6907
4884 2442
4885 6908
4886 2443
4887 6909
4888 2444
4889 6910
4890 2445
4891 6911
4892 2446
4893 6912
4894 2447
4895 6913
4896 2448
4897 6914
4898 2449
4899 6915
4900 2450
4901 6916
4902 2451
4903 6917
4904 2452
4905 6918
4906 2453
4907 6919
4908 2454
4909 6920
4910 2455
4911 6921
4912 2456
4913 6922
4914 2457
4915 6923
4916 2458
4917 6924
4918 2459
4919 6925
4920 2460
4921 6926
4922 2461
4923 6927
4924 2462
4925 6928
4926 2463
4927 6929
4928 2464
4929 6930
4930 2465
4931 6931
4932 2466
4933 6932
4934 2467
4935 6933
4936 2468
4937 6934
4938 2469
4939 6935
4940 2470
4941 6936
4942 2471
4943 6937
4944 2472
4945 6938
4946 2473
4947 6939
4948 2474
4949 6940
4950 2475
4951 6941
4952 2476
4953 6942
4954 2477
4955 6943
4956 2478
4957 6944
4958 2479
4959 6945
4960 2480
4961 6946
4962 2481
4963 6947
4964 2482
4965 6948
4966 2483
4967 6949
4968 2484
4969 6950
4970 2485
4971 6951
4972 2486
4973 6952
4974 2487
4975 6953
4976 2488
4977 6954
4978 2489
4979 6955
4980 2490
4981 6956
4982 2491
4983 6957
4984 2492
4985 6958
4986 2493
4987 6959
4988 2494
4989 6960
4990 2495
4991 6961
4992 2496
4993 6962
4994 2497
4995 6963
4996 2498
4997 6964
4998 2499
4999 6965
5000 2500
5001 6966
5002 2501
5003 6967
5004 2502
5005 6968
5006 2503
5007 6969
5008 2504
5009 6970
5010 2505
5011 6971
5012 2506
5013 6972
5014 2507
5015 6973
5016 2508
5017 6974
5018 2509
5019 6975
5020 2510
5021 6976
5022 2511
5023 6977
5024 2512
5025 6978
5026 2513
5027 6979
5028 2514
5029 6980
5030 2515
5031 6981
5032 2516
5033 6982
5034 2517
5035 6983
5036 2518
5037 6984
5038 2519
5039 6985
5040 2520
5041 6986
5042 2521
5043 6987
5044 2522
5045 6988
5046 2523
5047 6989
5048 2524
5049 6990
5050 2525
5051 6991
5052 2526
5053 6992
5054 2527
5055 6993
5056 2528
5057 6994
5058 2529
5059 6995
5060 2530
5061 6996
5062 2531
5063 6997
5064 2532
5065 6998
5066 2533
5067 6999
5068 2534
5069 7000
5070 2535
5071 7001
5072 2536
5073 7002
5074 2537
5075 7003
5076 2538
5077 7004
5078 2539
5079 7005
5080 2540
5081 7006
5082 2541
5083 7007
5084 2542
5085 7008
5086 2543
5087 7009
5088 2544
5089 7010
5090 2545
5091 7011
5092 2546
5093 7012
5094 2547
5095 7013
5096 2548
5097 7014
5098 2549
5099 7015
5100 2550
5101 7016
5102 2551
5103 7017
5104 2552
5105 7018
5106 2553
5107 7019
5108 2554
5109 7020
5110 2555
5111 7021
5112 2556
5113 7022
5114 2557
5115 7023
5116 2558
5117 7024
5118 2559
5119 7025
5120 2560
5121 7026
5122 2561
5123 7027
5124 2562
5125 7028
5126 2563
5127 7029
5128 2564
5129 7030
5130 2565
5131 7031
5132 2566
5133 7032
5134 2567
5135 7033
5136 2568
5137 7034
5138 2569
5139 7035
5140 2570
5141 7036
5142 2571
5143 7037
5144 2572
5145 7038
5146 2573
5147 7039
5148 2574
5149 7040
5150 2575
5151 7041
5152 2576
5153 7042
5154 2577
5155 7043
5156 2578
5157 7044
5158 2579
5159 7045
5160 2580
5161 7046
5162 2581
5163 7047
5164 2582
5165 7048
5166 2583
5167 7049
5168 2584
5169 7050
5170 2585
5171 7051
5172 2586
5173 7052
5174 2587
5175 7053
5176 2588
5177 7054
5178 2589
5179 7055
5180 2590
5181 7056
5182 2591
5183 7057
5184 2592
5185 7058
5186 2593
5187 7059
5188 2594
5189 7060
5190 2595
5191 7061
5192 2596
5193 7062
5194 2597
5195 7063
5196 2598
5197 7064
5198 2599
5199 7065
5200 2600
5201 7066
5202 2601
5203 7067
5204 2602
5205 7068
5206 2603
5207 7069
5208 2604
5209 7070
5210 2605
5211 7071
5212 2606
5213 7072
5214 2607
5215 7073
5216 2608
5217 7074
5218 2609
5219 7075
5220 2610
5221 7076
5222 2611
5223 7077
5224 2612
5225 7078
5226 2613
5227 7079
5228 2614
5229 7080
5230 2615
5231 7081
5232 2616
5233 7082
5234 2617
5235 7083
5236 2618
5237 7084
5238 2619
5239 7085
5240 2620
5241 7086
5242 2621
5243 7087
5244 2622
5245 7088
5246 2623
5247 7089
5248 2624
5249 7090
5250 2625
5251 7091
5252 2626
5253 7092
5254 2627
5255 7093
5256 2628
5257 7094
5258 2629
5259 7095
5260 2630
5261 7096
5262 2631
5263 7097
5264 2632
5265 7098
5266 2633
5267 7099
5268 2634
5269 7100
5270 2635
5271 7101
5272 2636
5273 7102
5274 2637
5275 7103
5276 2638
5277 7104
5278 2639
5279 7105
5280 2640
5281 7106
5282 2641
5283 7107
5284 2642
5285 7108
5286 2643
5287 7109
5288 2644
5289 7110
5290 2645
5291 7111
5292 2646
5293 7112
5294 2647
5295 7113
5296 2648
5297 7114
5298 2649
5299 7115
5300 2650
5301 7116
5302 2651
5303 7117
5304 2652
5305 7118
5306 2653
5307 7119
5308 2654
5309 7120
5310 2655
5311 7121
5312 2656
5313 7122
5314 2657
5315 7123
5316 2658
5317 7124
5318 2659
5319 7125
5320 2660
5321 7126
5322 2661
5323 7127
5324 2662
5325 7128
5326 2663
5327 7129
5328 2664
5329 7130
5330 2665
5331 7131
5332 2666
5333 7132
5334 2667
5335 7133
5336 2668
5337 7134
5338 2669
5339 7135
5340 2670
5341 7136
5342 2671
5343 7137
5344 2672
5345 7138
5346 2673
5347 7139
5348 2674
5349 7140
5350 2675
5351 7141
5352 2676
5353 7142
5354 2677
5355 7143
5356 2678
5357 7144
5358 2679
5359 7145
5360 2680
5361 7146
5362 2681
5363 7147
5364 2682
5365 7148
5366 2683
5367 7149
5368 2684
5369 7150
5370 2685
5371 7151
5372 2686
5373 7152
5374 2687
5375 7153
5376 2688
5377 7154
5378 2689
5379 7155
5380 2690
5381 7156
5382 2691
5383 7157
5384 2692
5385 7158
5386 2693
5387 7159
5388 2694
5389 7160
5390 2695
5391 7161
5392 2696
5393 7162
5394 2697
5395 7163
5396 2698
5397 7164
5398 2699
5399 7165
5400 2700
5401 7166
5402 2701
5403 7167
5404 2702
5405 7168
5406 2703
5407 7169
5408 2704
5409 7170
5410 2705
5411 7171
5412 2706
5413 7172
5414 2707
5415 7173
5416 2708
5417 7174
5418 2709
5419 7175
5420 2710
5421 7176
5422 2711
5423 7177
5424 2712
5425 7178
5426 2713
5427 7179
5428 2714
5429 7180
5430 2715
5431 7181
5432 2716
5433 7182
5434 2717
5435 7183
5436 2718
5437 7184
5438 2719
5439 7185
5440 2720
5441 7186
5442 2721
5443 7187
5444 2722
5445 7188
5446 2723
5447 7189
5448 2724
5449 7190
5450 2725
5451 7191
5452 2726
5453 7192
5454 2727
5455 7193
5456 2728
5457 7194
5458 2729
5459 7195
5460 2730
5461 7196
5462 2731
5463 7197
5464 2732
5465 7198
5466 2733
5467 7199
5468 2734
5469 7200
5470 2735
5471 7201
5472 2736
5473 7202
5474 2737
5475 7203
5476 2738
5477 7204
5478 2739
5479 7205
5480 2740
5481 7206
5482 2741
5483 7207
5484 2742
5485 7208
5486 2743
5487 7209
5488 2744
5489 7210
5490 2745
5491 7211
5492 2746
5493 7212
5494 2747
5495 7213
5496 2748
5497 7214
5498 2749
5499 7215
5500 2750
5501 7216
5502 2751
5503 7217
5504 2752
5505 7218
5506 2753
5507 7219
5508 2754
5509 7220
5510 2755
5511 7221
5512 2756
5513 7222
5514 2757
5515 7223
5516 2758
5517 7224
5518 2759
5519 7225
5520 2760
5521 7226
5522 2761
5523 7227
5524 2762
5525 7228
5526 2763
5527 7229
5528 2764
5529 7230
5530 2765
5531 7231
5532 2766
5533 7232
5534 2767
5535 7233
5536 2768
5537 7234
5538 2769
5539 7235
5540 2770
5541 7236
5542 2771
5543 7237
5544 2772
5545 7238
5546 2773
5547 7239
5548 2774
5549 7240
5550 2775
5551 7241
5552 2776
5553 7242
5554 2777
5555 7243
5556 2778
5557 7244
5558 2779
5559 7245
5560 2780
5561 7246
5562 2781
5563 7247
5564 2782
5565 7248
5566 2783
5567 7249
5568 2784
5569 7250
5570 2785
5571 7251
5572 2786
5573 7252
5574 2787
5575 7253
5576 2788
5577 7254
5578 2789
5579 7255
5580 2790
5581 7256
5582 2791
5583 7257
5584 2792
5585 7258
5586 2793
5587 7259
5588 2794
5589 7260
5590 2795
5591 7261
5592 2796
5593 7262
5594 2797
5595 7263
5596 2798
5597 7264
5598 2799
5599 7265
5600 2800
5601 7266
5602 2801
5603 7267
5604 2802
5605 7268
5606 2803
5607 7269
5608 2804
5609 7270
5610 2805
5611 7271
5612 2806
5613 7272
5614 2807
5615 7273
5616 2808
5617 7274
5618 2809
5619 7275
5620 2810
5621 7276
5622 2811
5623 7277
5624 2812
5625 7278
5626 2813
5627 7279
5628 2814
5629 7280
5630 2815
5631 7281
5632 2816
5633 7282
5634 2817
5635 7283
5636 2818
5637 7284
5638 2819
5639 7285
5640 2820
5641 7286
5642 2821
5643 7287
5644 2822
5645 7288
5646 2823
5647 7289
5648 2824
5649 7290
5650 2825
5651 7291
5652 2826
5653 7292
5654 2827
5655 7293
5656 2828
5657 7294
5658 2829
5659 7295
5660 2830
5661 7296
5662 2831
5663 7297
5664 2832
5665 7298
5666 2833
5667 7299
5668 2834
5669 7300
5670 2835
5671 7301
5672 2836
5673 7302
5674 2837
5675 7303
5676 2838
5677 7304
5678 2839
5679 7305
5680 2840
5681 7306
5682 2841
5683 7307
5684 2842
5685 7308
5686 2843
5687 7309
5688 2844
5689 7310
5690 2845
5691 7311
5692 2846
5693 7312
5694 2847
5695 7313
5696 2848
5697 7314
5698 2849
5699 7315
5700 2850
5701 7316
5702 2851
5703 7317
5704 2852
5705 7318
5706 2853
5707 7319
5708 2854
5709 7320
5710 2855
5711 7321
5712 2856
5713 7322
5714 2857
5715 7323
5716 2858
5717 7324
5718 2859
5719 7325
5720 2860
5721 7326
5722 2861
5723 7327
5724 2862
5725 7328
5726 2863
5727 7329
5728 2864
5729 7330
5730 2865
5731 7331
5732 2866
5733 7332
5734 2867
5735 7333
5736 2868
5737 7334
5738 2869
5739 7335
5740 2870
5741 7336
5742 2871
5743 7337
5744 2872
5745 7338
5746 2873
5747 7339
5748 2874
5749 7340
5750 2875
5751 7341
5752 2876
5753 7342
5754 2877
5755 7343
5756 2878
5757 7344
5758 2879
5759 7345
5760 2880
5761 7346
5762 2881
5763 7347
5764 2882
5765 7348
5766 2883
5767 7349
5768 2884
5769 7350
5770 2885
5771 7351
5772 2886
5773 7352
5774 2887
5775 7353
5776 2888
5777 7354
5778 2889
5779 7355
5780 2890
5781 7356
5782 2891
5783 7357
5784 2892
5785 7358
5786 2893
5787 7359
5788 2894
5789 7360
5790 2895
5791 7361
5792 2896
5793 7362
5794 2897
5795 7363
5796 2898
5797 7364
5798 2899
5799 7365
5800 2900
5801 7366
5802 2901
5803 7367
5804 2902
5805 7368
5806 2903
5807 7369
5808 2904
5809 7370
5810 2905
5811 7371
5812 2906
5813 7372
5814 2907
5815 7373
5816 2908
5817 7374
5818 2909
5819 7375
5820 2910
5821 7376
5822 2911
5823 7377
5824 2912
5825 7378
5826 2913
5827 7379
5828 2914
5829 7380
5830 2915
5831 7381
5832 2916
5833 7382
5834 2917
5835 7383
5836 2918
5837 7384
5838 2919
5839 7385
5840 2920
5841 7386
5842 2921
5843 7387
5844 2922
5845 7388
5846 2923
5847 7389
5848 2924
5849 7390
5850 2925
5851 7391
5852 2926
5853 7392
5854 2927
5855 7393
5856 2928
5857 7394
5858 2929
5859 7395
5860 2930
5861 7396
5862 2931
5863 7397
5864 2932
5865 7398
5866 2933
5867 7399
5868 2934
5869 7400
5870 2935
5871 7401
5872 2936
5873 7402
5874 2937
5875 7403
5876 2938
5877 7404
5878 2939
5879 7405
5880 2940
5881 7406
5882 2941
5883 7407
5884 2942
5885 7408
5886 2943
5887 7409
5888 2944
5889 7410
5890 2945
5891 7411
5892 2946
5893 7412
5894 2947
5895 7413
5896 2948
5897 7414
5898 2949
5899 7415
5900 2950
5901 7416
5902 2951
5903 7417
5904 2952
5905 7418
5906 2953
5907 7419
5908 2954
5909 7420
5910 2955
5911 7421
5912 2956
5913 7422
5914 2957
5915 7423
5916 2958
5917 7424
5918 2959
5919 7425
5920 2960
5921 7426
5922 2961
5923 7427
5924 2962
5925 7428
5926 2963
5927 7429
5928 2964
5929 7430
5930 2965
5931 7431
5932 2966
5933 7432
5934 2967
5935 7433
5936 2968
5937 7434
5938 2969
5939 7435
5940 2970
5941 7436
5942 2971
5943 7437
5944 2972
5945 7438
5946 2973
5947 7439
5948 2974
5949 7440
5950 2975
5951 7441
5952 2976
5953 7442
5954 2977
5955 7443
5956 2978
5957 7444
5958 2979
5959 7445
5960 2980
5961 7446
5962 2981
5963 7447
5964 2982
5965 7448
5966 2983
5967 7449
5968 2984
5969 7450
5970 2985
5971 7451
5972 2986
5973 7452
5974 2987
5975 7453
5976 2988
5977 7454
5978 2989
5979 7455
5980 2990
5981 7456
5982 2991
5983 7457
5984 2992
5985 7458
5986 2993
5987 7459
5988 2994
5989 7460
5990 2995
5991 7461
5992 2996
5993 7462
5994 2997
5995 7463
5996 2998
5997 7464
5998 2999
5999 7465
6000 3000
6001 7466
6002 3001
6003 7467
6004 3002
6005 7468
6006 3003
6007 7469
6008 3004
6009 7470
6010 3005
6011 7471
6012 3006
6013 7472
6014 3007
6015 7473
6016 3008
6017 7474
6018 3009
6019 7475
6020 3010
6021 7476
6022 3011
6023 7477
6024 3012
6025 7478
6026 3013
6027 7479
6028 3014
6029 7480
6030 3015
6031 7481
6032 3016
6033 7482
6034 3017
6035 7483
6036 3018
6037 7484
6038 3019
6039 7485
6040 3020
6041 7486
6042 3021
6043 7487
6044 3022
6045 7488
6046 3023
6047 7489
6048 3024
6049 7490
6050 3025
6051 7491
6052 3026
6053 7492
6054 3027
6055 7493
6056 3028
6057 7494
6058 3029
6059 7495
6060 3030
6061 7496
6062 3031
6063 7497
6064 3032
6065 7498
6066 3033
6067 7499
6068 3034
6069 7500
6070 3035
6071 7501
6072 3036
6073 7502
6074 3037
6075 7503
6076 3038
6077 7504
6078 3039
6079 7505
6080 3040
6081 7506
6082 3041
6083 7507
6084 3042
6085 7508
6086 3043
6087 7509
6088 3044
6089 7510
6090 3045
6091 7511
6092 3046
6093 7512
6094 3047
6095 7513
6096 3048
6097 7514
6098 3049
6099 7515
6100 3050
6101 7516
6102 3051
6103 7517
6104 3052
6105 7518
6106 3053
6107 7519
6108 3054
6109 7520
6110 3055
6111 7521
6112 3056
6113 7522
6114 3057
6115 7523
6116 3058
6117 7524
6118 3059
6119 7525
6120 3060
6121 7526
6122 3061
6123 7527
6124 3062
6125 7528
6126 3063
6127 7529
6128 3064
6129 7530
6130 3065
6131 7531
6132 3066
6133 7532
6134 3067
6135 7533
6136 3068
6137 7534
6138 3069
6139 7535
6140 3070
6141 7536
6142 3071
6143 7537
6144 3072
6145 7538
6146 3073
6147 7539
6148 3074
6149 7540
6150 3075
6151 7541
6152 3076
6153 7542
6154 3077
6155 7543
6156 3078
6157 7544
6158 3079
6159 7545
6160 3080
6161 7546
6162 3081
6163 7547
6164 3082
6165 7548
6166 3083
6167 7549
6168 3084
6169 7550
6170 3085
6171 7551
6172 3086
6173 7552
6174 3087
6175 7553
6176 3088
6177 7554
6178 3089
6179 7555
6180 3090
6181 7556
6182 3091
6183 7557
6184 3092
6185 7558
6186 3093
6187 7559
6188 3094
6189 7560
6190 3095
6191 7561
6192 3096
6193 7562
6194 3097
6195 7563
6196 3098
6197 7564
6198 3099
6199 7565
6200 3100
6201 7566
6202 3101
6203 7567
6204 3102
6205 7568
6206 3103
6207 7569
6208 3104
6209 7570
6210 3105
6211 7571
6212 3106
6213 7572
6214 3107
6215 7573
6216 3108
6217 7574
6218 3109
6219 7575
6220 3110
6221 7576
6222 3111
6223 7577
6224 3112
6225 7578
6226 3113
6227 7579
6228 3114
6229 7580
6230 3115
6231 7581
6232 3116
6233 7582
6234 3117
6235 7583
6236 3118
6237 7584
6238 3119
6239 7585
6240 3120
6241 7586
6242 3121
6243 7587
6244 3122
6245 7588
6246 3123
6247 7589
6248 3124
6249 7590
6250 3125
6251 7591
6252 3126
6253 7592
6254 3127
6255 7593
6256 3128
6257 7594
6258 3129
6259 7595
6260 3130
6261 7596
6262 3131
6263 7597
6264 3132
6265 7598
6266 3133
6267 7599
6268 3134
6269 7600
6270 3135
6271 7601
6272 3136
6273 7602
6274 3137
6275 7603
6276 3138
6277 7604
6278 3139
6279 7605
6280 3140
6281 7606
6282 3141
6283 7607
6284 3142
6285 7608
6286 3143
6287 7609
6288 3144
6289 7610
6290 3145
6291 7611
6292 3146
6293 7612
6294 3147
6295 7613
6296 3148
6297 7614
6298 3149
6299 7615
6300 3150
6301 7616
6302 3151
6303 7617
6304 3152
6305 7618
6306 3153
6307 7619
6308 3154
6309 7620
6310 3155
6311 7621
6312 3156
6313 7622
6314 3157
6315 7623
6316 3158
6317 7624
6318 3159
6319 7625
6320 3160
6321 7626
6322 3161
6323 7627
6324 3162
6325 7628
6326 3163
6327 7629
6328 3164
6329 7630
6330 3165
6331 7631
6332 3166
6333 7632
6334 3167
6335 7633
6336 3168
6337 7634
6338 3169
6339 7635
6340 3170
6341 7636
6342 3171
6343 7637
6344 3172
6345 7638
6346 3173
6347 7639
6348 3174
6349 7640
6350 3175
6351 7641
6352 3176
6353 7642
6354 3177
6355 7643
6356 3178
6357 7644
6358 3179
6359 7645
6360 3180
6361 7646
6362 3181
6363 7647
6364 3182
6365 7648
6366 3183
6367 7649
6368 3184
6369 7650
6370 3185
6371 7651
6372 3186
6373 7652
6374 3187
6375 7653
6376 3188
6377 7654
6378 3189
6379 7655
6380 3190
6381 7656
6382 3191
6383 7657
6384 3192
6385 7658
6386 3193
6387 7659
6388 3194
6389 7660
6390 3195
6391 7661
6392 3196
6393 7662
6394 3197
6395 7663
6396 3198
6397 7664
6398 3199
6399 7665
6400 3200
6401 7666
6402 3201
6403 7667
6404 3202
6405 7668
6406 3203
6407 7669
6408 3204
6409 7670
6410 3205
6411 7671
6412 3206
6413 7672
6414 3207
6415 7673
6416 3208
6417 7674
6418 3209
6419 7675
6420 3210
6421 7676
6422 3211
6423 7677
6424 3212
6425 7678
6426 3213
6427 7679
6428 3214
6429 7680
6430 3215
6431 7681
6432 3216
6433 7682
6434 3217
6435 7683
6436 3218
6437 7684
6438 3219
6439 7685
6440 3220
6441 7686
6442 3221
6443 7687
6444 3222
6445 7688
6446 3223
6447 7689
6448 3224
6449 7690
6450 3225
6451 7691
6452 3226
6453 7692
6454 3227
6455 7693
6456 3228
6457 7694
6458 3229
6459 7695
6460 3230
6461 7696
6462 3231
6463 7697
6464 3232
6465 7698
6466 3233
6467 7699
6468 3234
6469 7700
6470 3235
6471 7701
6472 3236
6473 7702
6474 3237
6475 7703
6476 3238
6477 7704
6478 3239
6479 7705
6480 3240
6481 7706
6482 3241
6483 7707
6484 3242
6485 7708
6486 3243
6487 7709
6488 3244
6489 7710
6490 3245
6491 7711
6492 3246
6493 7712
6494 3247
6495 7713
6496 3248
6497 7714
6498 3249
6499 7715
6500 3250
6501 7716
6502 3251
6503 7717
6504 3252
6505 7718
6506 3253
6507 7719
6508 3254
6509 7720
6510 3255
6511 7721
6512 3256
6513 7722
6514 3257
6515 7723
6516 3258
6517 7724
6518 3259
6519 7725
6520 3260
6521 7726
6522 3261
6523 7727
6524 3262
6525 7728
6526 3263
6527 7729
6528 3264
6529 7730
6530 3265
6531 7731
6532 3266
6533 7732
6534 3267
6535 7733
6536 3268
6537 7734
6538 3269
6539 7735
6540 3270
6541 7736
6542 3271
6543 7737
6544 3272
6545 7738
6546 3273
6547 7739
6548 3274
6549 7740
6550 3275
6551 7741
6552 3276
6553 7742
6554 3277
6555 7743
6556 3278
6557 7744
6558 3279
6559 7745
6560 3280
6561 7746
6562 3281
6563 7747
6564 3282
6565 7748
6566 3283
6567 7749
6568 3284
6569 7750
6570 3285
6571 7751
6572 3286
6573 7752
6574 3287
6575 7753
6576 3288
6577 7754
6578 3289
6579 7755
6580 3290
6581 7756
6582 3291
6583 7757
6584 3292
6585 7758
6586 3293
6587 7759
6588 3294
6589 7760
6590 3295
6591 7761
6592 3296
6593 7762
6594 3297
6595 7763
6596 3298
6597 7764
6598 3299
6599 7765
6600 3300
6601 7766
6602 3301
6603 7767
6604 3302
6605 7768
6606 3303
6607 7769
6608 3304
6609 7770
6610 3305
6611 7771
6612 3306
6613 7772
6614 3307
6615 7773
6616 3308
6617 7774
6618 3309
6619 7775
6620 3310
6621 7776
6622 3311
6623 7777
6624 3312
6625 7778
6626 3313
6627 7779
6628 3314
6629 7780
6630 3315
6631 7781
6632 3316
6633 7782
6634 3317
6635 7783
6636 3318
6637 7784
6638 3319
6639 7785
6640 3320
6641 7786
6642 3321
6643 7787
6644 3322
6645 7788
6646 3323
6647 7789
6648 3324
6649 7790
6650 3325
6651 7791
6652 3326
6653 7792
6654 3327
6655 7793
6656 3328
6657 7794
6658 3329
6659 7795
6660 3330
6661 7796
6662 3331
6663 7797
6664 3332
6665 7798
6666 3333
6667 7799
6668 3334
6669 7800
6670 3335
6671 7801
6672 3336
6673 7802
6674 3337
6675 7803
6676 3338
6677 7804
6678 3339
6679 7805
6680 3340
6681 7806
6682 3341
6683 7807
6684 3342
6685 7808
6686 3343
6687 7809
6688 3344
6689 7810
6690 3345
6691 7811
6692 3346
6693 7812
6694 3347
6695 7813
6696 3348
6697 7814
6698 3349
6699 7815
6700 3350
6701 7816
6702 3351
6703 7817
6704 3352
6705 7818
6706 3353
6707 7819
6708 3354
6709 7820
6710 3355
6711 7821
6712 3356
6713 7822
6714 3357
6715 7823
6716 3358
6717 7824
6718 3359
6719 7825
6720 3360
6721 7826
6722 3361
6723 7827
6724 3362
6725 7828
6726 3363
6727 7829
6728 3364
6729 7830
6730 3365
6731 7831
6732 3366
6733 7832
6734 3367
6735 7833
6736 3368
6737 7834
6738 3369
6739 7835
6740 3370
6741 7836
6742 3371
6743 7837
6744 3372
6745 7838
6746 3373
6747 7839
6748 3374
6749 7840
6750 3375
6751 7841
6752 3376
6753 7842
6754 3377
6755 7843
6756 3378
6757 7844
6758 3379
6759 7845
6760 3380
6761 7846
6762 3381
6763 7847
6764 3382
6765 7848
6766 3383
6767 7849
6768 3384
6769 7850
6770 3385
6771 7851
6772 3386
6773 7852
6774 3387
6775 7853
6776 3388
6777 7854
6778 3389
6779 7855
6780 3390
6781 7856
6782 3391
6783 7857
6784 3392
6785 7858
6786 3393
6787 7859
6788 3394
6789 7860
6790 3395
6791 7861
6792 3396
6793 7862
6794 3397
6795 7863
6796 3398
6797 7864
6798 3399
6799 7865
6800 3400
6801 7866
6802 3401
6803 7867
6804 3402
6805 7868
6806 3403
6807 7869
6808 3404
6809 7870
6810 3405
6811 7871
6812 3406
6813 7872
6814 3407
6815 7873
6816 3408
6817 7874
6818 3409
6819 7875
6820 3410
6821 7876
6822 3411
6823 7877
6824 3412
6825 7878
6826 3413
6827 7879
6828 3414
6829 7880
6830 3415
6831 7881
6832 3416
6833 7882
6834 3417
6835 7883
6836 3418
6837 7884
6838 3419
6839 7885
6840 3420
6841 7886
6842 3421
6843 7887
6844 3422
6845 7888
6846 3423
6847 7889
6848 3424
6849 7890
6850 3425
6851 7891
6852 3426
6853 7892
6854 3427
6855 7893
6856 3428
6857 7894
6858 3429
6859 7895
6860 3430
6861 7896
6862 3431
6863 7897
6864 3432
6865 7898
6866 3433
6867 7899
6868 3434
6869 7900
6870 3435
6871 7901
6872 3436
6873 7902
6874 3437
6875 7903
6876 3438
6877 7904
6878 3439
6879 7905
6880 3440
6881 7906
6882 3441
6883 7907
6884 3442
6885 7908
6886 3443
6887 7909
6888 3444
6889 7910
6890 3445
6891 7911
6892 3446
6893 7912
6894 3447
6895 7913
6896 3448
6897 7914
6898 3449
6899 7915
6900 3450
6901 7916
6902 3451
6903 7917
6904 3452
6905 7918
6906 3453
6907 7919
6908 3454
6909 7920
6910 3455
6911 7921
6912 3456
6913 7922
6914 3457
6915 7923
6916 3458
6917 7924
6918 3459
6919 7925
6920 3460
6921 7926
6922 3461
6923 7927
6924 3462
6925 7928
6926 3463
6927 7929
6928 3464
6929 7930
6930 3465
6931 7931
6932 3466
6933 7932
6934 3467
6935 7933
6936 3468
6937 7934
6938 3469
6939 7935
6940 3470
6941 7936
6942 3471
6943 7937
6944 3472
6945 7938
6946 3473
6947 7939
6948 3474
6949 7940
6950 3475
6951 7941
6952 3476
6953 7942
6954 3477
6955 7943
6956 3478
6957 7944
6958 3479
6959 7945
6960 3480
6961 7946
6962 3481
6963 7947
6964 3482
6965 7948
6966 3483
6967 7949
6968 3484
6969 7950
6970 3485
6971 7951
6972 3486
6973 7952
6974 3487
6975 7953
6976 3488
6977 7954
6978 3489
6979 7955
6980 3490
6981 7956
6982 3491
6983 7957
6984 3492
6985 7958
6986 3493
6987 7959
6988 3494
6989 7960
6990 3495
6991 7961
6992 3496
6993 7962
6994 3497
6995 7963
6996 3498
6997 7964
6998 3499
6999 7965
7000 3500
7001 7966
7002 3501
7003 7967
7004 3502
7005 7968
7006 3503
7007 7969
7008 3504
7009 7970
7010 3505
7011 7971
7012 3506
7013 7972
7014 3507
7015 7973
7016 3508
7017 7974
7018 3509
7019 7975
7020 3510
7021 7976
7022 3511
7023 7977
7024 3512
7025 7978
7026 3513
7027 7979
7028 3514
7029 7980
7030 3515
7031 7981
7032 3516
7033 7982
7034 3517
7035 7983
7036 3518
7037 7984
7038 3519
7039 7985
7040 3520
7041 7986
7042 3521
7043 7987
7044 3522
7045 7988
7046 3523
7047 7989
7048 3524
7049 7990
7050 3525
7051 7991
7052 3526
7053 7992
7054 3527
7055 7993
7056 3528
7057 7994
7058 3529
7059 7995
7060 3530
7061 7996
7062 3531
7063 7997
7064 3532
7065 7998
7066 3533
7067 7999
7068 3534
7069 8000
7070 3535
7071 8001
7072 3536
7073 8002
7074 3537
7075 8003
7076 3538
7077 8004
7078 3539
7079 8005
7080 3540
7081 8006
7082 3541
7083 8007
7084 3542
7085 8008
7086 3543
7087 8009
7088 3544
7089 8010
7090 3545
7091 8011
7092 3546
7093 8012
7094 3547
7095 8013
7096 3548
7097 8014
7098 3549
7099 8015
7100 3550
7101 8016
7102 3551
7103 8017
7104 3552
7105 8018
7106 3553
7107 8019
7108 3554
7109 8020
7110 3555
7111 8021
7112 3556
7113 8022
7114 3557
7115 8023
7116 3558
7117 8024
7118 3559
7119 8025
7120 3560
7121 8026
7122 3561
7123 8027
7124 3562
7125 8028
7126 3563
7127 8029
7128 3564
7129 8030
7130 3565
7131 8031
7132 3566
7133 8032
7134 3567
7135 8033
7136 3568
7137 8034
7138 3569
7139 8035
7140 3570
7141 8036
7142 3571
7143 8037
7144 3572
7145 8038
7146 3573
7147 8039
7148 3574
7149 8040
7150 3575
7151 8041
7152 3576
7153 8042
7154 3577
7155 8043
7156 3578
7157 8044
7158 3579
7159 8045
7160 3580
7161 8046
7162 3581
7163 8047
7164 3582
7165 8048
7166 3583
7167 8049
7168 3584
7169 8050
7170 3585
7171 8051
7172 3586
7173 8052
7174 3587
7175 8053
7176 3588
7177 8054
7178 3589
7179 8055
7180 3590
7181 8056
7182 3591
7183 8057
7184 3592
7185 8058
7186 3593
7187 8059
7188 3594
7189 8060
7190 3595
7191 8061
7192 3596
7193 8062
7194 3597
7195 8063
7196 3598
7197 8064
7198 3599
7199 8065
7200 3600
7201 8066
7202 3601
7203 8067
7204 3602
7205 8068
7206 3603
7207 8069
7208 3604
7209 8070
7210 3605
7211 8071
7212 3606
7213 8072
7214 3607
7215 8073
7216 3608
7217 8074
7218 3609
7219 8075
7220 3610
7221 8076
7222 3611
7223 8077
7224 3612
7225 8078
7226 3613
7227 8079
7228 3614
7229 8080
7230 3615
7231 8081
7232 3616
7233 8082
7234 3617
7235 8083
7236 3618
7237 8084
7238 3619
7239 8085
7240 3620
7241 8086
7242 3621
7243 8087
7244 3622
7245 8088
7246 3623
7247 8089
7248 3624
7249 8090
7250 3625
7251 8091
7252 3626
7253 8092
7254 3627
7255 8093
7256 3628
7257 8094
7258 3629
7259 8095
7260 3630
7261 8096
7262 3631
7263 8097
7264 3632
7265 8098
7266 3633
7267 8099
7268 3634
7269 8100
7270 3635
7271 8101
7272 3636
7273 8102
7274 3637
7275 8103
7276 3638
7277 8104
7278 3639
7279 8105
7280 3640
7281 8106
7282 3641
7283 8107
7284 3642
7285 8108
7286 3643
7287 8109
7288 3644
7289 8110
7290 3645
7291 8111
7292 3646
7293 8112
7294 3647
7295 8113
7296 3648
7297 8114
7298 3649
7299 8115
7300 3650
7301 8116
7302 3651
7303 8117
7304 3652
7305 8118
7306 3653
7307 8119
7308 3654
7309 8120
7310 3655
7311 8121
7312 3656
7313 8122
7314 3657
7315 8123
7316 3658
7317 8124
7318 3659
7319 8125
7320 3660
7321 8126
7322 3661
7323 8127
7324 3662
7325 8128
7326 3663
7327 8129
7328 3664
7329 8130
7330 3665
7331 8131
7332 3666
7333 8132
7334 3667
7335 8133
7336 3668
7337 8134
7338 3669
7339 8135
7340 3670
7341 8136
7342 3671
7343 8137
7344 3672
7345 8138
7346 3673
7347 8139
7348 3674
7349 8140
7350 3675
7351 8141
7352 3676
7353 8142
7354 3677
7355 8143
7356 3678
7357 8144
7358 3679
7359 8145
7360 3680
7361 8146
7362 3681
7363 8147
7364 3682
7365 8148
7366 3683
7367 8149
7368 3684
7369 8150
7370 3685
7371 8151
7372 3686
7373 8152
7374 3687
7375 8153
7376 3688
7377 8154
7378 3689
7379 8155
7380 3690
7381 8156
7382 3691
7383 8157
7384 3692
7385 8158
7386 3693
7387 8159
7388 3694
7389 8160
7390 3695
7391 8161
7392 3696
7393 8162
7394 3697
7395 8163
7396 3698
7397 8164
7398 3699
7399 8165
7400 3700
7401 8166
7402 3701
7403 8167
7404 3702
7405 8168
7406 3703
7407 8169
7408 3704
7409 8170
7410 3705
7411 8171
7412 3706
7413 8172
7414 3707
7415 8173
7416 3708
7417 8174
7418 3709
7419 8175
7420 3710
7421 8176
7422 3711
7423 8177
7424 3712
7425 8178
7426 3713
7427 8179
7428 3714
7429 8180
7430 3715
7431 8181
7432 3716
7433 8182
7434 3717
7435 8183
7436 3718
7437 8184
7438 3719
7439 8185
7440 3720
7441 8186
7442 3721
7443 8187
7444 3722
7445 8188
7446 3723
7447 8189
7448 3724
7449 8190
7450 3725
7451 8191
7452 3726
7453 8192
7454 3727
7455 8193
7456 3728
7457 8194
7458 3729
7459 8195
7460 3730
7461 8196
7462 3731
7463 8197
7464 3732
7465 8198
7466 3733
7467 8199
7468 3734
7469 8200
7470 3735
7471 8201
7472 3736
7473 8202
7474 3737
7475 8203
7476 3738
7477 8204
7478 3739
7479 8205
7480 3740
7481 8206
7482 3741
7483 8207
7484 3742
7485 8208
7486 3743
7487 8209
7488 3744
7489 8210
7490 3745
7491 8211
7492 3746
7493 8212
7494 3747
7495 8213
7496 3748
7497 8214
7498 3749
7499 8215
7500 3750
7501 8216
7502 3751
7503 8217
7504 3752
7505 8218
7506 3753
7507 8219
7508 3754
7509 8220
7510 3755
7511 8221
7512 3756
7513 8222
7514 3757
7515 8223
7516 3758
7517 8224
7518 3759
7519 8225
7520 3760
7521 8226
7522 3761
7523 8227
7524 3762
7525 8228
7526 3763
7527 8229
7528 3764
7529 8230
7530 3765
7531 8231
7532 3766
7533 8232
7534 3767
7535 8233
7536 3768
7537 8234
7538 3769
7539 8235
7540 3770
7541 8236
7542 3771
7543 8237
7544 3772
7545 8238
7546 3773
7547 8239
7548 3774
7549 8240
7550 3775
7551 8241
7552 3776
7553 8242
7554 3777
7555 8243
7556 3778
7557 8244
7558 3779
7559 8245
7560 3780
7561 8246
7562 3781
7563 8247
7564 3782
7565 8248
7566 3783
7567 8249
7568 3784
7569 8250
7570 3785
7571 8251
7572 3786
7573 8252
7574 3787
7575 8253
7576 3788
7577 8254
7578 3789
7579 8255
7580 3790
7581 8256
7582 3791
7583 8257
7584 3792
7585 8258
7586 3793
7587 8259
7588 3794
7589 8260
7590 3795
7591 8261
7592 3796
7593 8262
7594 3797
7595 8263
7596 3798
7597 8264
7598 3799
7599 8265
7600 3800
7601 8266
7602 3801
7603 8267
7604 3802
7605 8268
7606 3803
7607 8269
7608 3804
7609 8270
7610 3805
7611 8271
7612 3806
7613 8272
7614 3807
7615 8273
7616 3808
7617 8274
7618 3809
7619 8275
7620 3810
7621 8276
7622 3811
7623 8277
7624 3812
7625 8278
7626 3813
7627 8279
7628 3814
7629 8280
7630 3815
7631 8281
7632 3816
7633 8282
7634 3817
7635 8283
7636 3818
7637 8284
7638 3819
7639 8285
7640 3820
7641 8286
7642 3821
7643 8287
7644 3822
7645 8288
7646 3823
7647 8289
7648 3824
7649 8290
7650 3825
7651 8291
7652 3826
7653 8292
7654 3827
7655 8293
7656 3828
7657 8294
7658 3829
7659 8295
7660 3830
7661 8296
7662 3831
7663 8297
7664 3832
7665 8298
7666 3833
7667 8299
7668 3834
7669 8300
7670 3835
7671 8301
7672 3836
7673 8302
7674 3837
7675 8303
7676 3838
7677 8304
7678 3839
7679 8305
7680 3840
7681 8306
7682 3841
7683 8307
7684 3842
7685 8308
7686 3843
7687 8309
7688 3844
7689 8310
7690 3845
7691 8311
7692 3846
7693 8312
7694 3847
7695 8313
7696 3848
7697 8314
7698 3849
7699 8315
7700 3850
7701 8316
7702 3851
7703 8317
7704 3852
7705 8318
7706 3853
7707 8319
7708 3854
7709 8320
7710 3855
7711 8321
7712 3856
7713 8322
7714 3857
7715 8323
7716 3858
7717 8324
7718 3859
7719 8325
7720 3860
7721 8326
7722 3861
7723 8327
7724 3862
7725 8328
7726 3863
7727 8329
7728 3864
7729 8330
7730 3865
7731 8331
7732 3866
7733 8332
7734 3867
7735 8333
7736 3868
7737 8334
7738 3869
7739 8335
7740 3870
7741 8336
7742 3871
7743 8337
7744 3872
7745 8338
7746 3873
7747 8339
7748 3874
7749 8340
7750 3875
7751 8341
7752 3876
7753 8342
7754 3877
7755 8343
7756 3878
7757 8344
7758 3879
7759 8345
7760 3880
7761 8346
7762 3881
7763 8347
7764 3882
7765 8348
7766 3883
7767 8349
7768 3884
7769 8350
7770 3885
7771 8351
7772 3886
7773 8352
7774 3887
7775 8353
7776 3888
7777 8354
7778 3889
7779 8355
7780 3890
7781 8356
7782 3891
7783 8357
7784 3892
7785 8358
7786 3893
7787 8359
7788 3894
7789 8360
7790 3895
7791 8361
7792 3896
7793 8362
7794 3897
7795 8363
7796 3898
7797 8364
7798 3899
7799 8365
7800 3900
7801 8366
7802 3901
7803 8367
7804 3902
7805 8368
7806 3903
7807 8369
7808 3904
7809 8370
7810 3905
7811 8371
7812 3906
7813 8372
7814 3907
7815 8373
7816 3908
7817 8374
7818 3909
7819 8375
7820 3910
7821 8376
7822 3911
7823 8377
7824 3912
7825 8378
7826 3913
7827 8379
7828 3914
7829 8380
7830 3915
7831 8381
7832 3916
7833 8382
7834 3917
7835 8383
7836 3918
7837 8384
7838 3919
7839 8385
7840 3920
7841 8386
7842 3921
7843 8387
7844 3922
7845 8388
7846 3923
7847 8389
7848 3924
7849 8390
7850 3925
7851 8391
7852 3926
7853 8392
7854 3927
7855 8393
7856 3928
7857 8394
7858 3929
7859 8395
7860 3930
7861 8396
7862 3931
7863 8397
7864 3932
7865 8398
7866 3933
7867 8399
7868 3934
7869 8400
7870 3935
7871 8401
7872 3936
7873 8402
7874 3937
7875 8403
7876 3938
7877 8404
7878 3939
7879 8405
7880 3940
7881 8406
7882 3941
7883 8407
7884 3942
7885 8408
7886 3943
7887 8409
7888 3944
7889 8410
7890 3945
7891 8411
7892 3946
7893 8412
7894 3947
7895 8413
7896 3948
7897 8414
7898 3949
7899 8415
7900 3950
7901 8416
7902 3951
7903 8417
7904 3952
7905 8418
7906 3953
7907 8419
7908 3954
7909 8420
7910 3955
7911 8421
7912 3956
7913 8422
7914 3957
7915 8423
7916 3958
7917 8424
7918 3959
7919 8425
7920 3960
7921 8426
7922 3961
7923 8427
7924 3962
7925 8428
7926 3963
7927 8429
7928 3964
7929 8430
7930 3965
7931 8431
7932 3966
7933 8432
7934 3967
7935 8433
7936 3968
7937 8434
7938 3969
7939 8435
7940 3970
7941 8436
7942 3971
7943 8437
7944 3972
7945 8438
7946 3973
7947 8439
7948 3974
7949 8440
7950 3975
7951 8441
7952 3976
7953 8442
7954 3977
7955 8443
7956 3978
7957 8444
7958 3979
7959 8445
7960 3980
7961 8446
7962 3981
7963 8447
7964 3982
7965 8448
7966 3983
7967 8449
7968 3984
7969 8450
7970 3985
7971 8451
7972 3986
7973 8452
7974 3987
7975 8453
7976 3988
7977 8454
7978 3989
7979 8455
7980 3990
7981 8456
7982 3991
7983 8457
7984 3992
7985 8458
7986 3993
7987 8459
7988 3994
7989 8460
7990 3995
7991 8461
7992 3996
7993 8462
7994 3997
7995 8463
7996 3998
7997 8464
7998 3999
7999 8465
8000 4000
8001 8466
8002 4001
8003 8467
8004 4002
8005 8468
8006 4003
8007 8469
8008 4004
8009 8470
8010 4005
8011 8471
8012 4006
8013 8472
8014 4007
8015 8473
8016 4008
8017 8474
8018 4009
8019 8475
8020 4010
8021 8476
8022 4011
8023 8477
8024 4012
8025 8478
8026 4013
8027 8479
8028 4014
8029 8480
8030 4015
8031 8481
8032 4016
8033 8482
8034 4017
8035 8483
8036 4018
8037 8484
8038 4019
8039 8485
8040 4020
8041 8486
8042 4021
8043 8487
8044 4022
8045 8488
8046 4023
8047 8489
8048 4024
8049 8490
8050 4025
8051 8491
8052 4026
8053 8492
8054 4027
8055 8493
8056 4028
8057 8494
8058 4029
8059 8495
8060 4030
8061 8496
8062 4031
8063 8497
8064 4032
8065 8498
8066 4033
8067 8499
8068 4034
8069 8500
8070 4035
8071 8501
8072 4036
8073 8502
8074 4037
8075 8503
8076 4038
8077 8504
8078 4039
8079 8505
8080 4040
8081 8506
8082 4041
8083 8507
8084 4042
8085 8508
8086 4043
8087 8509
8088 4044
8089 8510
8090 4045
8091 8511
8092 4046
8093 8512
8094 4047
8095 8513
8096 4048
8097 8514
8098 4049
8099 8515
8100 4050
8101 8516
8102 4051
8103 8517
8104 4052
8105 8518
8106 4053
8107 8519
8108 4054
8109 8520
8110 4055
8111 8521
8112 4056
8113 8522
8114 4057
8115 8523
8116 4058
8117 8524
8118 4059
8119 8525
8120 4060
8121 8526
8122 4061
8123 8527
8124 4062
8125 8528
8126 4063
8127 8529
8128 4064
8129 8530
8130 4065
8131 8531
8132 4066
8133 8532
8134 4067
8135 8533
8136 4068
8137 8534
8138 4069
8139 8535
8140 4070
8141 8536
8142 4071
8143 8537
8144 4072
8145 8538
8146 4073
8147 8539
8148 4074
8149 8540
8150 4075
8151 8541
8152 4076
8153 8542
8154 4077
8155 8543
8156 4078
8157 8544
8158 4079
8159 8545
8160 4080
8161 8546
8162 4081
8163 8547
8164 4082
8165 8548
8166 4083
8167 8549
8168 4084
8169 8550
8170 4085
8171 8551
8172 4086
8173 8552
8174 4087
8175 8553
8176 4088
8177 8554
8178 4089
8179 8555
8180 4090
8181 8556
8182 4091
8183 8557
8184 4092
8185 8558
8186 4093
8187 8559
8188 4094
8189 8560
8190 4095
8191 8561
8192 4096
8193 8562
8194 4097
8195 8563
8196 4098
8197 8564
8198 4099
8199 8565
8200 4100
8201 8566
8202 4101
8203 8567
8204 4102
8205 8568
8206 4103
8207 8569
8208 4104
8209 8570
8210 4105
8211 8571
8212 4106
8213 8572
8214 4107
8215 8573
8216 4108
8217 8574
8218 4109
8219 8575
8220 4110
8221 8576
8222 4111
8223 8577
8224 4112
8225 8578
8226 4113
8227 8579
8228 4114
8229 8580
8230 4115
8231 8581
8232 4116
8233 8582
8234 4117
8235 8583
8236 4118
8237 8584
8238 4119
8239 8585
8240 4120
8241 8586
8242 4121
8243 8587
8244 4122
8245 8588
8246 4123
8247 8589
8248 4124
8249 8590
8250 4125
8251 8591
8252 4126
8253 8592
8254 4127
8255 8593
8256 4128
8257 8594
8258 4129
8259 8595
8260 4130
8261 8596
8262 4131
8263 8597
8264 4132
8265 8598
8266 4133
8267 8599
8268 4134
8269 8600
8270 4135
8271 8601
8272 4136
8273 8602
8274 4137
8275 8603
8276 4138
8277 8604
8278 4139
8279 8605
8280 4140
8281 8606
8282 4141
8283 8607
8284 4142
8285 8608
8286 4143
8287 8609
8288 4144
8289 8610
8290 4145
8291 8611
8292 4146
8293 8612
8294 4147
8295 8613
8296 4148
8297 8614
8298 4149
8299 8615
8300 4150
8301 8616
8302 4151
8303 8617
8304 4152
8305 8618
8306 4153
8307 8619
8308 4154
8309 8620
8310 4155
8311 8621
8312 4156
8313 8622
8314 4157
8315 8623
8316 4158
8317 8624
8318 4159
8319 8625
8320 4160
8321 8626
8322 4161
8323 8627
8324 4162
8325 8628
8326 4163
8327 8629
8328 4164
8329 8630
8330 4165
8331 8631
8332 4166
8333 8632
8334 4167
8335 8633
8336 4168
8337 8634
8338 4169
8339 8635
8340 4170
8341 8636
8342 4171
8343 8637
8344 4172
8345 8638
8346 4173
8347 8639
8348 4174
8349 8640
8350 4175
8351 8641
8352 4176
8353 8642
8354 4177
8355 8643
8356 4178
8357 8644
8358 4179
8359 8645
8360 4180
8361 8646
8362 4181
8363 8647
8364 4182
8365 8648
8366 4183
8367 8649
8368 4184
8369 8650
8370 4185
8371 8651
8372 4186
8373 8652
8374 4187
8375 8653
8376 4188
8377 8654
8378 4189
8379 8655
8380 4190
8381 8656
8382 4191
8383 8657
8384 4192
8385 8658
8386 4193
8387 8659
8388 4194
8389 8660
8390 4195
8391 8661
8392 4196
8393 8662
8394 4197
8395 8663
8396 4198
8397 8664
8398 4199
8399 8665
8400 4200
8401 8666
8402 4201
8403 8667
8404 4202
8405 8668
8406 4203
8407 8669
8408 4204
8409 8670
8410 4205
8411 8671
8412 4206
8413 8672
8414 4207
8415 8673
8416 4208
8417 8674
8418 4209
8419 8675
8420 4210
8421 8676
8422 4211
8423 8677
8424 4212
8425 8678
8426 4213
8427 8679
8428 4214
8429 8680
8430 4215
8431 8681
8432 4216
8433 8682
8434 4217
8435 8683
8436 4218
8437 8684
8438 4219
8439 8685
8440 4220
8441 8686
8442 4221
8443 8687
8444 4222
8445 8688
8446 4223
8447 8689
8448 4224
8449 8690
8450 4225
8451 8691
8452 4226
8453 8692
8454 4227
8455 8693
8456 4228
8457 8694
8458 4229
8459 8695
8460 4230
8461 8696
8462 4231
8463 8697
8464 4232
8465 8698
8466 4233
8467 8699
8468 4234
8469 8700
8470 4235
8471 8701
8472 4236
8473 8702
8474 4237
8475 8703
8476 4238
8477 8704
8478 4239
8479 8705
8480 4240
8481 8706
8482 4241
8483 8707
8484 4242
8485 8708
8486 4243
8487 8709
8488 4244
8489 8710
8490 4245
8491 8711
8492 4246
8493 8712
8494 4247
8495 8713
8496 4248
8497 8714
8498 4249
8499 8715
8500 4250
8501 8716
8502 4251
8503 8717
8504 4252
8505 8718
8506 4253
8507 8719
8508 4254
8509 8720
8510 4255
8511 8721
8512 4256
8513 8722
8514 4257
8515 8723
8516 4258
8517 8724
8518 4259
8519 8725
8520 4260
8521 8726
8522 4261
8523 8727
8524 4262
8525 8728
8526 4263
8527 8729
8528 4264
8529 8730
8530 4265
8531 8731
8532 4266
8533 8732
8534 4267
8535 8733
8536 4268
8537 8734
8538 4269
8539 8735
8540 4270
8541 8736
8542 4271
8543 8737
8544 4272
8545 8738
8546 4273
8547 8739
8548 4274
8549 8740
8550 4275
8551 8741
8552 4276
8553 8742
8554 4277
8555 8743
8556 4278
8557 8744
8558 4279
8559 8745
8560 4280
8561 8746
8562 4281
8563 8747
8564 4282
8565 8748
8566 4283
8567 8749
8568 4284
8569 8750
8570 4285
8571 8751
8572 4286
8573 8752
8574 4287
8575 8753
8576 4288
8577 8754
8578 4289
8579 8755
8580 4290
8581 8756
8582 4291
8583 8757
8584 4292
8585 8758
8586 4293
8587 8759
8588 4294
8589 8760
8590 4295
8591 8761
8592 4296
8593 8762
8594 4297
8595 8763
8596 4298
8597 8764
8598 4299
8599 8765
8600 4300
8601 8766
8602 4301
8603 8767
8604 4302
8605 8768
8606 4303
8607 8769
8608 4304
8609 8770
8610 4305
8611 8771
8612 4306
8613 8772
8614 4307
8615 8773
8616 4308
8617 8774
8618 4309
8619 8775
8620 4310
8621 8776
8622 4311
8623 8777
8624 4312
8625 8778
8626 4313
8627 8779
8628 4314
8629 8780
8630 4315
8631 8781
8632 4316
8633 8782
8634 4317
8635 8783
8636 4318
8637 8784
8638 4319
8639 8785
8640 4320
8641 8786
8642 4321
8643 8787
8644 4322
8645 8788
8646 4323
8647 8789
8648 4324
8649 8790
8650 4325
8651 8791
8652 4326
8653 8792
8654 4327
8655 8793
8656 4328
8657 8794
8658 4329
8659 8795
8660 4330
8661 8796
8662 4331
8663 8797
8664 4332
8665 8798
8666 4333
8667 8799
8668 4334
8669 8800
8670 4335
8671 8801
8672 4336
8673 8802
8674 4337
8675 8803
8676 4338
8677 8804
8678 4339
8679 8805
8680 4340
8681 8806
8682 4341
8683 8807
8684 4342
8685 8808
8686 4343
8687 8809
8688 4344
8689 8810
8690 4345
8691 8811
8692 4346
8693 8812
8694 4347
8695 8813
8696 4348
8697 8814
8698 4349
8699 8815
8700 4350
8701 8816
8702 4351
8703 8817
8704 4352
8705 8818
8706 4353
8707 8819
8708 4354
8709 8820
8710 4355
8711 8821
8712 4356
8713 8822
8714 4357
8715 8823
8716 4358
8717 8824
8718 4359
8719 8825
8720 4360
8721 8826
8722 4361
8723 8827
8724 4362
8725 8828
8726 4363
8727 8829
8728 4364
8729 8830
8730 4365
8731 8831
8732 4366
8733 8832
8734 4367
8735 8833
8736 4368
8737 8834
8738 4369
8739 8835
8740 4370
8741 8836
8742 4371
8743 8837
8744 4372
8745 8838
8746 4373
8747 8839
8748 4374
8749 8840
8750 4375
8751 8841
8752 4376
8753 8842
8754 4377
8755 8843
8756 4378
8757 8844
8758 4379
8759 8845
8760 4380
8761 8846
8762 4381
8763 8847
8764 4382
8765 8848
8766 4383
8767 8849
8768 4384
8769 8850
8770 4385
8771 8851
8772 4386
8773 8852
8774 4387
8775 8853
8776 4388
8777 8854
8778 4389
8779 8855
8780 4390
8781 8856
8782 4391
8783 8857
8784 4392
8785 8858
8786 4393
8787 8859
8788 4394
8789 8860
8790 4395
8791 8861
8792 4396
8793 8862
8794 4397
8795 8863
8796 4398
8797 8864
8798 4399
8799 8865
8800 4400
8801 8866
8802 4401
8803 8867
8804 4402
8805 8868
8806 4403
8807 8869
8808 4404
8809 8870
8810 4405
8811 8871
8812 4406
8813 8872
8814 4407
8815 8873
8816 4408
8817 8874
8818 4409
8819 8875
8820 4410
8821 8876
8822 4411
8823 8877
8824 4412
8825 8878
8826 4413
8827 8879
8828 4414
8829 8880
8830 4415
8831 8881
8832 4416
8833 8882
8834 4417
8835 8883
8836 4418
8837 8884
8838 4419
8839 8885
8840 4420
8841 8886
8842 4421
8843 8887
8844 4422
8845 8888
8846 4423
8847 8889
8848 4424
8849 8890
8850 4425
8851 8891
8852 4426
8853 8892
8854 4427
8855 8893
8856 4428
8857 8894
8858 4429
8859 8895
8860 4430
8861 8896
8862 4431
8863 8897
8864 4432
8865 8898
8866 4433
8867 8899
8868 4434
8869 8900
8870 4435
8871 8901
8872 4436
8873 8902
8874 4437
8875 8903
8876 4438
8877 8904
8878 4439
8879 8905
8880 4440
8881 8906
8882 4441
8883 8907
8884 4442
8885 8908
8886 4443
8887 8909
8888 4444
8889 8910
8890 4445
8891 8911
8892 4446
8893 8912
8894 4447
8895 8913
8896 4448
8897 8914
8898 4449
8899 8915
8900 4450
8901 8916
8902 4451
8903 8917
8904 4452
8905 8918
8906 4453
8907 8919
8908 4454
8909 8920
8910 4455
8911 8921
8912 4456
8913 8922
8914 4457
8915 8923
8916 4458
8917 8924
8918 4459
8919 8925
8920 4460
8921 8926
8922 4461
8923 8927
8924 4462
8925 8928
8926 4463
8927 8929
8928 4464
8929 8930
8930 4465
8931 8931
