%%MatrixMarket matrix coordinate pattern general
% Label: (1)
1001 1001 1001
1 501
2 1
3 502
4 2
5 503
6 3
7 504
8 4
9 505
10 5
11 506
12 6
13 507
14 7
15 508
16 8
17 509
18 9
19 510
20 10
21 511
22 11
23 512
24 12
25 513
26 13
27 514
28 14
29 515
30 15
31 516
32 16
33 517
34 17
35 518
36 18
37 519
38 19
39 520
40 20
41 521
42 21
43 522
44 22
45 523
46 23
47 524
48 24
49 525
50 25
51 526
52 26
53 527
54 27
55 528
56 28
57 529
58 29
59 530
60 30
61 531
62 31
63 532
64 32
65 533
66 33
67 534
68 34
69 535
70 35
71 536
72 36
73 537
74 37
75 538
76 38
77 539
78 39
79 540
80 40
81 541
82 41
83 542
84 42
85 543
86 43
87 544
88 44
89 545
90 45
91 546
92 46
93 547
94 47
95 548
96 48
97 549
98 49
99 550
100 50
101 551
102 51
103 552
104 52
105 553
106 53
107 554
108 54
109 555
110 55
111 556
112 56
113 557
114 57
115 558
116 58
117 559
118 59
119 560
120 60
121 561
122 61
123 562
124 62
125 563
126 63
127 564
128 64
129 565
130 65
131 566
132 66
133 567
134 67
135 568
136 68
137 569
138 69
139 570
140 70
141 571
142 71
143 572
144 72
145 573
146 73
147 574
148 74
149 575
150 75
151 576
152 76
153 577
154 77
155 578
156 78
157 579
158 79
159 580
160 80
161 581
162 81
163 582
164 82
165 583
166 83
167 584
168 84
169 585
170 85
171 586
172 86
173 587
174 87
175 588
176 88
177 589
178 89
179 590
180 90
181 591
182 91
183 592
184 92
185 593
186 93
187 594
188 94
189 595
190 95
191 596
192 96
193 597
194 97
195 598
196 98
197 599
198 99
199 600
200 100
201 601
202 101
203 602
204 102
205 603
206 103
207 604
208 104
209 605
210 105
211 606
212 106
213 607
214 107
215 608
216 108
217 609
218 109
219 610
220 110
221 611
222 111
223 612
224 112
225 613
226 113
227 614
228 114
229 615
230 115
231 616
232 116
233 617
234 117
235 618
236 118
237 619
238 119
239 620
240 120
241 621
242 121
243 622
244 122
245 623
246 123
247 624
248 124
249 625
250 125
251 626
252 126
253 627
254 127
255 628
256 128
257 629
258 129
259 630
260 130
261 631
262 131
263 632
264 132
265 633
266 133
267 634
268 134
269 635
270 135
271 636
272 136
273 637
274 137
275 638
276 138
277 639
278 139
279 640
280 140
281 641
282 141
283 642
284 142
285 643
286 143
287 644
288 144
289 645
290 145
291 646
292 146
293 647
294 147
295 648
296 148
297 649
298 149
299 650
300 150
301 651
302 151
303 652
304 152
305 653
306 153
307 654
308 154
309 655
310 155
311 656
312 156
313 657
314 157
315 658
316 158
317 659
318 159
319 660
320 160
321 661
322 161
323 662
324 162
325 663
326 163
327 664
328 164
329 665
330 165
331 666
332 166
333 667
334 167
335 668
336 168
337 669
338 169
339 670
340 170
341 671
342 171
343 672
344 172
345 673
346 173
347 674
348 174
349 675
350 175
351 676
352 176
353 677
354 177
355 678
356 178
357 679
358 179
359 680
360 180
361 681
362 181
363 682
364 182
365 683
366 183
367 684
368 184
369 685
370 185
371 686
372 186
373 687
374 187
375 688
376 188
377 689
378 189
379 690
380 190
381 691
382 191
383 692
384 192
385 693
386 193
387 694
388 194
389 695
390 195
391 696
392 196
393 697
394 197
395 698
396 198
397 699
398 199
399 700
400 200
401 701
402 201
403 702
404 202
405 703
406 203
407 704
408 204
409 705
410 205
411 706
412 206
413 707
414 207
415 708
416 208
417 709
418 209
419 710
420 210
421 711
422 211
423 712
424 212
425 713
426 213
427 714
428 214
429 715
430 215
431 716
432 216
433 717
434 217
435 718
436 218
437 719
438 219
439 720
440 220
441 721
442 221
443 722
444 222
445 723
446 223
447 724
448 224
449 725
450 225
451 726
452 226
453 727
454 227
455 728
456 228
457 729
458 229
459 730
460 230
461 731
462 231
463 732
464 232
465 733
466 233
467 734
468 234
469 735
470 235
471 736
472 236
473 737
474 237
475 738
476 238
477 739
478 239
479 740
480 240
481 741
482 241
483 742
484 242
485 743
486 243
487 744
488 244
489 745
490 245
491 746
492 246
493 747
494 247
495 748
496 248
497 749
498 249
499 750
500 250
501 751
502 251
503 752
504 252
505 753
506 253
507 754
508 254
509 755
510 255
511 756
512 256
513 757
514 257
515 758
516 258
517 759
518 259
519 760
520 260
521 761
522 261
523 762
524 262
525 763
526 263
527 764
528 264
529 765
530 265
531 766
532 266
533 767
534 267
535 768
536 268
537 769
538 269
539 770
540 270
541 771
542 271
543 772
544 272
545 773
546 273
547 774
548 274
549 775
550 275
551 776
552 276
553 777
554 277
555 778
556 278
557 779
558 279
559 780
560 280
561 781
562 281
563 782
564 282
565 783
566 283
567 784
568 284
569 785
570 285
571 786
572 286
573 787
574 287
575 788
576 288
577 789
578 289
579 790
580 290
581 791
582 291
583 792
584 292
585 793
586 293
587 794
588 294
589 795
590 295
591 796
592 296
593 797
594 297
595 798
596 298
597 799
598 299
599 800
600 300
601 801
602 301
603 802
604 302
605 803
606 303
607 804
608 304
609 805
610 305
611 806
612 306
613 807
614 307
615 808
616 308
617 809
618 309
619 810
620 310
621 811
622 311
623 812
624 312
625 813
626 313
627 814
628 314
629 815
630 315
631 816
632 316
633 817
634 317
635 818
636 318
637 819
638 319
639 820
640 320
641 821
642 321
643 822
644 322
645 823
646 323
647 824
648 324
649 825
650 325
651 826
652 326
653 827
654 327
655 828
656 328
657 829
658 329
659 830
660 330
661 831
662 331
663 832
664 332
665 833
666 333
667 834
668 334
669 835
670 335
671 836
672 336
673 837
674 337
675 838
676 338
677 839
678 339
679 840
680 340
681 841
682 341
683 842
684 342
685 843
686 343
687 844
688 344
689 845
690 345
691 846
692 346
693 847
694 347
695 848
696 348
697 849
698 349
699 850
700 350
701 851
702 351
703 852
704 352
705 853
706 353
707 854
708 354
709 855
710 355
711 856
712 356
713 857
714 357
715 858
716 358
717 859
718 359
719 860
720 360
721 861
722 361
723 862
724 362
725 863
726 363
727 864
728 364
729 865
730 365
731 866
732 366
733 867
734 367
735 868
736 368
737 869
738 369
739 870
740 370
741 871
742 371
743 872
744 372
745 873
746 373
747 874
748 374
749 875
750 375
751 876
752 376
753 877
754 377
755 878
756 378
757 879
758 379
759 880
760 380
761 881
762 381
763 882
764 382
765 883
766 383
767 884
768 384
769 885
770 385
771 886
772 386
773 887
774 387
775 888
776 388
777 889
778 389
779 890
780 390
781 891
782 391
783 892
784 392
785 893
786 393
787 894
788 394
789 895
790 395
791 896
792 396
793 897
794 397
795 898
796 398
797 899
798 399
799 900
800 400
801 901
802 401
803 902
804 402
805 903
806 403
807 904
808 404
809 905
810 405
811 906
812 406
813 907
814 407
815 908
816 408
817 909
818 409
819 910
820 410
821 911
822 411
823 912
824 412
825 913
826 413
827 914
828 414
829 915
830 415
831 916
832 416
833 917
834 417
835 918
836 418
837 919
838 419
839 920
840 420
841 921
842 421
843 922
844 422
845 923
846 423
847 924
848 424
849 925
850 425
851 926
852 426
853 927
854 427
855 928
856 428
857 929
858 429
859 930
860 430
861 931
862 431
863 932
864 432
865 933
866 433
867 934
868 434
869 935
870 435
871 936
872 436
873 937
874 437
875 938
876 438
877 939
878 439
879 940
880 440
881 941
882 441
883 942
884 442
885 943
886 443
887 944
888 444
889 945
890 445
891 946
892 446
893 947
894 447
895 948
896 448
897 949
898 449
899 950
900 450
901 951
902 451
903 952
904 452
905 953
906 453
907 954
908 454
909 955
910 455
911 956
912 456
913 957
914 457
915 958
916 458
917 959
918 459
919 960
920 460
921 961
922 461
923 962
924 462
925 963
926 463
927 964
928 464
929 965
930 465
931 966
932 466
933 967
934 467
935 968
936 468
937 969
938 469
939 970
940 470
941 971
942 471
943 972
944 472
945 973
946 473
947 974
948 474
949 975
950 475
951 976
952 476
953 977
954 477
955 978
956 478
957 979
958 479
959 980
960 480
961 981
962 481
963 982
964 482
965 983
966 483
967 984
968 484
969 985
970 485
971 986
972 486
973 987
974 487
975 988
976 488
977 989
978 489
979 990
980 490
981 991
982 491
983 992
984 492
985 993
986 493
987 994
988 494
989 995
990 495
991 996
992 496
993 997
994 497
995 998
996 498
997 999
998 499
999 1000
1000 500
1001 1001
