%%MatrixMarket matrix coordinate pattern general
% Label: (0)
741 741 741
1 1
2 372
3 2
4 373
5 3
6 374
7 4
8 375
9 5
10 376
11 6
12 377
13 7
14 378
15 8
16 379
17 9
18 380
19 10
20 381
21 11
22 382
23 12
24 383
25 13
26 384
27 14
28 385
29 15
30 386
31 16
32 387
33 17
34 388
35 18
36 389
37 19
38 390
39 20
40 391
41 21
42 392
43 22
44 393
45 23
46 394
47 24
48 395
49 25
50 396
51 26
52 397
53 27
54 398
55 28
56 399
57 29
58 400
59 30
60 401
61 31
62 402
63 32
64 403
65 33
66 404
67 34
68 405
69 35
70 406
71 36
72 407
73 37
74 408
75 38
76 409
77 39
78 410
79 40
80 411
81 41
82 412
83 42
84 413
85 43
86 414
87 44
88 415
89 45
90 416
91 46
92 417
93 47
94 418
95 48
96 419
97 49
98 420
99 50
100 421
101 51
102 422
103 52
104 423
105 53
106 424
107 54
108 425
109 55
110 426
111 56
112 427
113 57
114 428
115 58
116 429
117 59
118 430
119 60
120 431
121 61
122 432
123 62
124 433
125 63
126 434
127 64
128 435
129 65
130 436
131 66
132 437
133 67
134 438
135 68
136 439
137 69
138 440
139 70
140 441
141 71
142 442
143 72
144 443
145 73
146 444
147 74
148 445
149 75
150 446
151 76
152 447
153 77
154 448
155 78
156 449
157 79
158 450
159 80
160 451
161 81
162 452
163 82
164 453
165 83
166 454
167 84
168 455
169 85
170 456
171 86
172 457
173 87
174 458
175 88
176 459
177 89
178 460
179 90
180 461
181 91
182 462
183 92
184 463
185 93
186 464
187 94
188 465
189 95
190 466
191 96
192 467
193 97
194 468
195 98
196 469
197 99
198 470
199 100
200 471
201 101
202 472
203 102
204 473
205 103
206 474
207 104
208 475
209 105
210 476
211 106
212 477
213 107
214 478
215 108
216 479
217 109
218 480
219 110
220 481
221 111
222 482
223 112
224 483
225 113
226 484
227 114
228 485
229 115
230 486
231 116
232 487
233 117
234 488
235 118
236 489
237 119
238 490
239 120
240 491
241 121
242 492
243 122
244 493
245 123
246 494
247 124
248 495
249 125
250 496
251 126
252 497
253 127
254 498
255 128
256 499
257 129
258 500
259 130
260 501
261 131
262 502
263 132
264 503
265 133
266 504
267 134
268 505
269 135
270 506
271 136
272 507
273 137
274 508
275 138
276 509
277 139
278 510
279 140
280 511
281 141
282 512
283 142
284 513
285 143
286 514
287 144
288 515
289 145
290 516
291 146
292 517
293 147
294 518
295 148
296 519
297 149
298 520
299 150
300 521
301 151
302 522
303 152
304 523
305 153
306 524
307 154
308 525
309 155
310 526
311 156
312 527
313 157
314 528
315 158
316 529
317 159
318 530
319 160
320 531
321 161
322 532
323 162
324 533
325 163
326 534
327 164
328 535
329 165
330 536
331 166
332 537
333 167
334 538
335 168
336 539
337 169
338 540
339 170
340 541
341 171
342 542
343 172
344 543
345 173
346 544
347 174
348 545
349 175
350 546
351 176
352 547
353 177
354 548
355 178
356 549
357 179
358 550
359 180
360 551
361 181
362 552
363 182
364 553
365 183
366 554
367 184
368 555
369 185
370 556
371 186
372 557
373 187
374 558
375 188
376 559
377 189
378 560
379 190
380 561
381 191
382 562
383 192
384 563
385 193
386 564
387 194
388 565
389 195
390 566
391 196
392 567
393 197
394 568
395 198
396 569
397 199
398 570
399 200
400 571
401 201
402 572
403 202
404 573
405 203
406 574
407 204
408 575
409 205
410 576
411 206
412 577
413 207
414 578
415 208
416 579
417 209
418 580
419 210
420 581
421 211
422 582
423 212
424 583
425 213
426 584
427 214
428 585
429 215
430 586
431 216
432 587
433 217
434 588
435 218
436 589
437 219
438 590
439 220
440 591
441 221
442 592
443 222
444 593
445 223
446 594
447 224
448 595
449 225
450 596
451 226
452 597
453 227
454 598
455 228
456 599
457 229
458 600
459 230
460 601
461 231
462 602
463 232
464 603
465 233
466 604
467 234
468 605
469 235
470 606
471 236
472 607
473 237
474 608
475 238
476 609
477 239
478 610
479 240
480 611
481 241
482 612
483 242
484 613
485 243
486 614
487 244
488 615
489 245
490 616
491 246
492 617
493 247
494 618
495 248
496 619
497 249
498 620
499 250
500 621
501 251
502 622
503 252
504 623
505 253
506 624
507 254
508 625
509 255
510 626
511 256
512 627
513 257
514 628
515 258
516 629
517 259
518 630
519 260
520 631
521 261
522 632
523 262
524 633
525 263
526 634
527 264
528 635
529 265
530 636
531 266
532 637
533 267
534 638
535 268
536 639
537 269
538 640
539 270
540 641
541 271
542 642
543 272
544 643
545 273
546 644
547 274
548 645
549 275
550 646
551 276
552 647
553 277
554 648
555 278
556 649
557 279
558 650
559 280
560 651
561 281
562 652
563 282
564 653
565 283
566 654
567 284
568 655
569 285
570 656
571 286
572 657
573 287
574 658
575 288
576 659
577 289
578 660
579 290
580 661
581 291
582 662
583 292
584 663
585 293
586 664
587 294
588 665
589 295
590 666
591 296
592 667
593 297
594 668
595 298
596 669
597 299
598 670
599 300
600 671
601 301
602 672
603 302
604 673
605 303
606 674
607 304
608 675
609 305
610 676
611 306
612 677
613 307
614 678
615 308
616 679
617 309
618 680
619 310
620 681
621 311
622 682
623 312
624 683
625 313
626 684
627 314
628 685
629 315
630 686
631 316
632 687
633 317
634 688
635 318
636 689
637 319
638 690
639 320
640 691
641 321
642 692
643 322
644 693
645 323
646 694
647 324
648 695
649 325
650 696
651 326
652 697
653 327
654 698
655 328
656 699
657 329
658 700
659 330
660 701
661 331
662 702
663 332
664 703
665 333
666 704
667 334
668 705
669 335
670 706
671 336
672 707
673 337
674 708
675 338
676 709
677 339
678 710
679 340
680 711
681 341
682 712
683 342
684 713
685 343
686 714
687 344
688 715
689 345
690 716
691 346
692 717
693 347
694 718
695 348
696 719
697 349
698 720
699 350
700 721
701 351
702 722
703 352
704 723
705 353
706 724
707 354
708 725
709 355
710 726
711 356
712 727
713 357
714 728
715 358
716 729
717 359
718 730
719 360
720 731
721 361
722 732
723 362
724 733
725 363
726 734
727 364
728 735
729 365
730 736
731 366
732 737
733 367
734 738
735 368
736 739
737 369
738 740
739 370
740 741
741 371
