%%MatrixMarket matrix coordinate pattern general
% Label: (1)
741 741 741
1 371
2 1
3 372
4 2
5 373
6 3
7 374
8 4
9 375
10 5
11 376
12 6
13 377
14 7
15 378
16 8
17 379
18 9
19 380
20 10
21 381
22 11
23 382
24 12
25 383
26 13
27 384
28 14
29 385
30 15
31 386
32 16
33 387
34 17
35 388
36 18
37 389
38 19
39 390
40 20
41 391
42 21
43 392
44 22
45 393
46 23
47 394
48 24
49 395
50 25
51 396
52 26
53 397
54 27
55 398
56 28
57 399
58 29
59 400
60 30
61 401
62 31
63 402
64 32
65 403
66 33
67 404
68 34
69 405
70 35
71 406
72 36
73 407
74 37
75 408
76 38
77 409
78 39
79 410
80 40
81 411
82 41
83 412
84 42
85 413
86 43
87 414
88 44
89 415
90 45
91 416
92 46
93 417
94 47
95 418
96 48
97 419
98 49
99 420
100 50
101 421
102 51
103 422
104 52
105 423
106 53
107 424
108 54
109 425
110 55
111 426
112 56
113 427
114 57
115 428
116 58
117 429
118 59
119 430
120 60
121 431
122 61
123 432
124 62
125 433
126 63
127 434
128 64
129 435
130 65
131 436
132 66
133 437
134 67
135 438
136 68
137 439
138 69
139 440
140 70
141 441
142 71
143 442
144 72
145 443
146 73
147 444
148 74
149 445
150 75
151 446
152 76
153 447
154 77
155 448
156 78
157 449
158 79
159 450
160 80
161 451
162 81
163 452
164 82
165 453
166 83
167 454
168 84
169 455
170 85
171 456
172 86
173 457
174 87
175 458
176 88
177 459
178 89
179 460
180 90
181 461
182 91
183 462
184 92
185 463
186 93
187 464
188 94
189 465
190 95
191 466
192 96
193 467
194 97
195 468
196 98
197 469
198 99
199 470
200 100
201 471
202 101
203 472
204 102
205 473
206 103
207 474
208 104
209 475
210 105
211 476
212 106
213 477
214 107
215 478
216 108
217 479
218 109
219 480
220 110
221 481
222 111
223 482
224 112
225 483
226 113
227 484
228 114
229 485
230 115
231 486
232 116
233 487
234 117
235 488
236 118
237 489
238 119
239 490
240 120
241 491
242 121
243 492
244 122
245 493
246 123
247 494
248 124
249 495
250 125
251 496
252 126
253 497
254 127
255 498
256 128
257 499
258 129
259 500
260 130
261 501
262 131
263 502
264 132
265 503
266 133
267 504
268 134
269 505
270 135
271 506
272 136
273 507
274 137
275 508
276 138
277 509
278 139
279 510
280 140
281 511
282 141
283 512
284 142
285 513
286 143
287 514
288 144
289 515
290 145
291 516
292 146
293 517
294 147
295 518
296 148
297 519
298 149
299 520
300 150
301 521
302 151
303 522
304 152
305 523
306 153
307 524
308 154
309 525
310 155
311 526
312 156
313 527
314 157
315 528
316 158
317 529
318 159
319 530
320 160
321 531
322 161
323 532
324 162
325 533
326 163
327 534
328 164
329 535
330 165
331 536
332 166
333 537
334 167
335 538
336 168
337 539
338 169
339 540
340 170
341 541
342 171
343 542
344 172
345 543
346 173
347 544
348 174
349 545
350 175
351 546
352 176
353 547
354 177
355 548
356 178
357 549
358 179
359 550
360 180
361 551
362 181
363 552
364 182
365 553
366 183
367 554
368 184
369 555
370 185
371 556
372 186
373 557
374 187
375 558
376 188
377 559
378 189
379 560
380 190
381 561
382 191
383 562
384 192
385 563
386 193
387 564
388 194
389 565
390 195
391 566
392 196
393 567
394 197
395 568
396 198
397 569
398 199
399 570
400 200
401 571
402 201
403 572
404 202
405 573
406 203
407 574
408 204
409 575
410 205
411 576
412 206
413 577
414 207
415 578
416 208
417 579
418 209
419 580
420 210
421 581
422 211
423 582
424 212
425 583
426 213
427 584
428 214
429 585
430 215
431 586
432 216
433 587
434 217
435 588
436 218
437 589
438 219
439 590
440 220
441 591
442 221
443 592
444 222
445 593
446 223
447 594
448 224
449 595
450 225
451 596
452 226
453 597
454 227
455 598
456 228
457 599
458 229
459 600
460 230
461 601
462 231
463 602
464 232
465 603
466 233
467 604
468 234
469 605
470 235
471 606
472 236
473 607
474 237
475 608
476 238
477 609
478 239
479 610
480 240
481 611
482 241
483 612
484 242
485 613
486 243
487 614
488 244
489 615
490 245
491 616
492 246
493 617
494 247
495 618
496 248
497 619
498 249
499 620
500 250
501 621
502 251
503 622
504 252
505 623
506 253
507 624
508 254
509 625
510 255
511 626
512 256
513 627
514 257
515 628
516 258
517 629
518 259
519 630
520 260
521 631
522 261
523 632
524 262
525 633
526 263
527 634
528 264
529 635
530 265
531 636
532 266
533 637
534 267
535 638
536 268
537 639
538 269
539 640
540 270
541 641
542 271
543 642
544 272
545 643
546 273
547 644
548 274
549 645
550 275
551 646
552 276
553 647
554 277
555 648
556 278
557 649
558 279
559 650
560 280
561 651
562 281
563 652
564 282
565 653
566 283
567 654
568 284
569 655
570 285
571 656
572 286
573 657
574 287
575 658
576 288
577 659
578 289
579 660
580 290
581 661
582 291
583 662
584 292
585 663
586 293
587 664
588 294
589 665
590 295
591 666
592 296
593 667
594 297
595 668
596 298
597 669
598 299
599 670
600 300
601 671
602 301
603 672
604 302
605 673
606 303
607 674
608 304
609 675
610 305
611 676
612 306
613 677
614 307
615 678
616 308
617 679
618 309
619 680
620 310
621 681
622 311
623 682
624 312
625 683
626 313
627 684
628 314
629 685
630 315
631 686
632 316
633 687
634 317
635 688
636 318
637 689
638 319
639 690
640 320
641 691
642 321
643 692
644 322
645 693
646 323
647 694
648 324
649 695
650 325
651 696
652 326
653 697
654 327
655 698
656 328
657 699
658 329
659 700
660 330
661 701
662 331
663 702
664 332
665 703
666 333
667 704
668 334
669 705
670 335
671 706
672 336
673 707
674 337
675 708
676 338
677 709
678 339
679 710
680 340
681 711
682 341
683 712
684 342
685 713
686 343
687 714
688 344
689 715
690 345
691 716
692 346
693 717
694 347
695 718
696 348
697 719
698 349
699 720
700 350
701 721
702 351
703 722
704 352
705 723
706 353
707 724
708 354
709 725
710 355
711 726
712 356
713 727
714 357
715 728
716 358
717 729
718 359
719 730
720 360
721 731
722 361
723 732
724 362
725 733
726 363
727 734
728 364
729 735
730 365
731 736
732 366
733 737
734 367
735 738
736 368
737 739
738 369
739 740
740 370
741 741
