%%MatrixMarket matrix coordinate pattern general
% Label: (0)
10023 10023 10023
1 1
2 5013
3 2
4 5014
5 3
6 5015
7 4
8 5016
9 5
10 5017
11 6
12 5018
13 7
14 5019
15 8
16 5020
17 9
18 5021
19 10
20 5022
21 11
22 5023
23 12
24 5024
25 13
26 5025
27 14
28 5026
29 15
30 5027
31 16
32 5028
33 17
34 5029
35 18
36 5030
37 19
38 5031
39 20
40 5032
41 21
42 5033
43 22
44 5034
45 23
46 5035
47 24
48 5036
49 25
50 5037
51 26
52 5038
53 27
54 5039
55 28
56 5040
57 29
58 5041
59 30
60 5042
61 31
62 5043
63 32
64 5044
65 33
66 5045
67 34
68 5046
69 35
70 5047
71 36
72 5048
73 37
74 5049
75 38
76 5050
77 39
78 5051
79 40
80 5052
81 41
82 5053
83 42
84 5054
85 43
86 5055
87 44
88 5056
89 45
90 5057
91 46
92 5058
93 47
94 5059
95 48
96 5060
97 49
98 5061
99 50
100 5062
101 51
102 5063
103 52
104 5064
105 53
106 5065
107 54
108 5066
109 55
110 5067
111 56
112 5068
113 57
114 5069
115 58
116 5070
117 59
118 5071
119 60
120 5072
121 61
122 5073
123 62
124 5074
125 63
126 5075
127 64
128 5076
129 65
130 5077
131 66
132 5078
133 67
134 5079
135 68
136 5080
137 69
138 5081
139 70
140 5082
141 71
142 5083
143 72
144 5084
145 73
146 5085
147 74
148 5086
149 75
150 5087
151 76
152 5088
153 77
154 5089
155 78
156 5090
157 79
158 5091
159 80
160 5092
161 81
162 5093
163 82
164 5094
165 83
166 5095
167 84
168 5096
169 85
170 5097
171 86
172 5098
173 87
174 5099
175 88
176 5100
177 89
178 5101
179 90
180 5102
181 91
182 5103
183 92
184 5104
185 93
186 5105
187 94
188 5106
189 95
190 5107
191 96
192 5108
193 97
194 5109
195 98
196 5110
197 99
198 5111
199 100
200 5112
201 101
202 5113
203 102
204 5114
205 103
206 5115
207 104
208 5116
209 105
210 5117
211 106
212 5118
213 107
214 5119
215 108
216 5120
217 109
218 5121
219 110
220 5122
221 111
222 5123
223 112
224 5124
225 113
226 5125
227 114
228 5126
229 115
230 5127
231 116
232 5128
233 117
234 5129
235 118
236 5130
237 119
238 5131
239 120
240 5132
241 121
242 5133
243 122
244 5134
245 123
246 5135
247 124
248 5136
249 125
250 5137
251 126
252 5138
253 127
254 5139
255 128
256 5140
257 129
258 5141
259 130
260 5142
261 131
262 5143
263 132
264 5144
265 133
266 5145
267 134
268 5146
269 135
270 5147
271 136
272 5148
273 137
274 5149
275 138
276 5150
277 139
278 5151
279 140
280 5152
281 141
282 5153
283 142
284 5154
285 143
286 5155
287 144
288 5156
289 145
290 5157
291 146
292 5158
293 147
294 5159
295 148
296 5160
297 149
298 5161
299 150
300 5162
301 151
302 5163
303 152
304 5164
305 153
306 5165
307 154
308 5166
309 155
310 5167
311 156
312 5168
313 157
314 5169
315 158
316 5170
317 159
318 5171
319 160
320 5172
321 161
322 5173
323 162
324 5174
325 163
326 5175
327 164
328 5176
329 165
330 5177
331 166
332 5178
333 167
334 5179
335 168
336 5180
337 169
338 5181
339 170
340 5182
341 171
342 5183
343 172
344 5184
345 173
346 5185
347 174
348 5186
349 175
350 5187
351 176
352 5188
353 177
354 5189
355 178
356 5190
357 179
358 5191
359 180
360 5192
361 181
362 5193
363 182
364 5194
365 183
366 5195
367 184
368 5196
369 185
370 5197
371 186
372 5198
373 187
374 5199
375 188
376 5200
377 189
378 5201
379 190
380 5202
381 191
382 5203
383 192
384 5204
385 193
386 5205
387 194
388 5206
389 195
390 5207
391 196
392 5208
393 197
394 5209
395 198
396 5210
397 199
398 5211
399 200
400 5212
401 201
402 5213
403 202
404 5214
405 203
406 5215
407 204
408 5216
409 205
410 5217
411 206
412 5218
413 207
414 5219
415 208
416 5220
417 209
418 5221
419 210
420 5222
421 211
422 5223
423 212
424 5224
425 213
426 5225
427 214
428 5226
429 215
430 5227
431 216
432 5228
433 217
434 5229
435 218
436 5230
437 219
438 5231
439 220
440 5232
441 221
442 5233
443 222
444 5234
445 223
446 5235
447 224
448 5236
449 225
450 5237
451 226
452 5238
453 227
454 5239
455 228
456 5240
457 229
458 5241
459 230
460 5242
461 231
462 5243
463 232
464 5244
465 233
466 5245
467 234
468 5246
469 235
470 5247
471 236
472 5248
473 237
474 5249
475 238
476 5250
477 239
478 5251
479 240
480 5252
481 241
482 5253
483 242
484 5254
485 243
486 5255
487 244
488 5256
489 245
490 5257
491 246
492 5258
493 247
494 5259
495 248
496 5260
497 249
498 5261
499 250
500 5262
501 251
502 5263
503 252
504 5264
505 253
506 5265
507 254
508 5266
509 255
510 5267
511 256
512 5268
513 257
514 5269
515 258
516 5270
517 259
518 5271
519 260
520 5272
521 261
522 5273
523 262
524 5274
525 263
526 5275
527 264
528 5276
529 265
530 5277
531 266
532 5278
533 267
534 5279
535 268
536 5280
537 269
538 5281
539 270
540 5282
541 271
542 5283
543 272
544 5284
545 273
546 5285
547 274
548 5286
549 275
550 5287
551 276
552 5288
553 277
554 5289
555 278
556 5290
557 279
558 5291
559 280
560 5292
561 281
562 5293
563 282
564 5294
565 283
566 5295
567 284
568 5296
569 285
570 5297
571 286
572 5298
573 287
574 5299
575 288
576 5300
577 289
578 5301
579 290
580 5302
581 291
582 5303
583 292
584 5304
585 293
586 5305
587 294
588 5306
589 295
590 5307
591 296
592 5308
593 297
594 5309
595 298
596 5310
597 299
598 5311
599 300
600 5312
601 301
602 5313
603 302
604 5314
605 303
606 5315
607 304
608 5316
609 305
610 5317
611 306
612 5318
613 307
614 5319
615 308
616 5320
617 309
618 5321
619 310
620 5322
621 311
622 5323
623 312
624 5324
625 313
626 5325
627 314
628 5326
629 315
630 5327
631 316
632 5328
633 317
634 5329
635 318
636 5330
637 319
638 5331
639 320
640 5332
641 321
642 5333
643 322
644 5334
645 323
646 5335
647 324
648 5336
649 325
650 5337
651 326
652 5338
653 327
654 5339
655 328
656 5340
657 329
658 5341
659 330
660 5342
661 331
662 5343
663 332
664 5344
665 333
666 5345
667 334
668 5346
669 335
670 5347
671 336
672 5348
673 337
674 5349
675 338
676 5350
677 339
678 5351
679 340
680 5352
681 341
682 5353
683 342
684 5354
685 343
686 5355
687 344
688 5356
689 345
690 5357
691 346
692 5358
693 347
694 5359
695 348
696 5360
697 349
698 5361
699 350
700 5362
701 351
702 5363
703 352
704 5364
705 353
706 5365
707 354
708 5366
709 355
710 5367
711 356
712 5368
713 357
714 5369
715 358
716 5370
717 359
718 5371
719 360
720 5372
721 361
722 5373
723 362
724 5374
725 363
726 5375
727 364
728 5376
729 365
730 5377
731 366
732 5378
733 367
734 5379
735 368
736 5380
737 369
738 5381
739 370
740 5382
741 371
742 5383
743 372
744 5384
745 373
746 5385
747 374
748 5386
749 375
750 5387
751 376
752 5388
753 377
754 5389
755 378
756 5390
757 379
758 5391
759 380
760 5392
761 381
762 5393
763 382
764 5394
765 383
766 5395
767 384
768 5396
769 385
770 5397
771 386
772 5398
773 387
774 5399
775 388
776 5400
777 389
778 5401
779 390
780 5402
781 391
782 5403
783 392
784 5404
785 393
786 5405
787 394
788 5406
789 395
790 5407
791 396
792 5408
793 397
794 5409
795 398
796 5410
797 399
798 5411
799 400
800 5412
801 401
802 5413
803 402
804 5414
805 403
806 5415
807 404
808 5416
809 405
810 5417
811 406
812 5418
813 407
814 5419
815 408
816 5420
817 409
818 5421
819 410
820 5422
821 411
822 5423
823 412
824 5424
825 413
826 5425
827 414
828 5426
829 415
830 5427
831 416
832 5428
833 417
834 5429
835 418
836 5430
837 419
838 5431
839 420
840 5432
841 421
842 5433
843 422
844 5434
845 423
846 5435
847 424
848 5436
849 425
850 5437
851 426
852 5438
853 427
854 5439
855 428
856 5440
857 429
858 5441
859 430
860 5442
861 431
862 5443
863 432
864 5444
865 433
866 5445
867 434
868 5446
869 435
870 5447
871 436
872 5448
873 437
874 5449
875 438
876 5450
877 439
878 5451
879 440
880 5452
881 441
882 5453
883 442
884 5454
885 443
886 5455
887 444
888 5456
889 445
890 5457
891 446
892 5458
893 447
894 5459
895 448
896 5460
897 449
898 5461
899 450
900 5462
901 451
902 5463
903 452
904 5464
905 453
906 5465
907 454
908 5466
909 455
910 5467
911 456
912 5468
913 457
914 5469
915 458
916 5470
917 459
918 5471
919 460
920 5472
921 461
922 5473
923 462
924 5474
925 463
926 5475
927 464
928 5476
929 465
930 5477
931 466
932 5478
933 467
934 5479
935 468
936 5480
937 469
938 5481
939 470
940 5482
941 471
942 5483
943 472
944 5484
945 473
946 5485
947 474
948 5486
949 475
950 5487
951 476
952 5488
953 477
954 5489
955 478
956 5490
957 479
958 5491
959 480
960 5492
961 481
962 5493
963 482
964 5494
965 483
966 5495
967 484
968 5496
969 485
970 5497
971 486
972 5498
973 487
974 5499
975 488
976 5500
977 489
978 5501
979 490
980 5502
981 491
982 5503
983 492
984 5504
985 493
986 5505
987 494
988 5506
989 495
990 5507
991 496
992 5508
993 497
994 5509
995 498
996 5510
997 499
998 5511
999 500
1000 5512
1001 501
1002 5513
1003 502
1004 5514
1005 503
1006 5515
1007 504
1008 5516
1009 505
1010 5517
1011 506
1012 5518
1013 507
1014 5519
1015 508
1016 5520
1017 509
1018 5521
1019 510
1020 5522
1021 511
1022 5523
1023 512
1024 5524
1025 513
1026 5525
1027 514
1028 5526
1029 515
1030 5527
1031 516
1032 5528
1033 517
1034 5529
1035 518
1036 5530
1037 519
1038 5531
1039 520
1040 5532
1041 521
1042 5533
1043 522
1044 5534
1045 523
1046 5535
1047 524
1048 5536
1049 525
1050 5537
1051 526
1052 5538
1053 527
1054 5539
1055 528
1056 5540
1057 529
1058 5541
1059 530
1060 5542
1061 531
1062 5543
1063 532
1064 5544
1065 533
1066 5545
1067 534
1068 5546
1069 535
1070 5547
1071 536
1072 5548
1073 537
1074 5549
1075 538
1076 5550
1077 539
1078 5551
1079 540
1080 5552
1081 541
1082 5553
1083 542
1084 5554
1085 543
1086 5555
1087 544
1088 5556
1089 545
1090 5557
1091 546
1092 5558
1093 547
1094 5559
1095 548
1096 5560
1097 549
1098 5561
1099 550
1100 5562
1101 551
1102 5563
1103 552
1104 5564
1105 553
1106 5565
1107 554
1108 5566
1109 555
1110 5567
1111 556
1112 5568
1113 557
1114 5569
1115 558
1116 5570
1117 559
1118 5571
1119 560
1120 5572
1121 561
1122 5573
1123 562
1124 5574
1125 563
1126 5575
1127 564
1128 5576
1129 565
1130 5577
1131 566
1132 5578
1133 567
1134 5579
1135 568
1136 5580
1137 569
1138 5581
1139 570
1140 5582
1141 571
1142 5583
1143 572
1144 5584
1145 573
1146 5585
1147 574
1148 5586
1149 575
1150 5587
1151 576
1152 5588
1153 577
1154 5589
1155 578
1156 5590
1157 579
1158 5591
1159 580
1160 5592
1161 581
1162 5593
1163 582
1164 5594
1165 583
1166 5595
1167 584
1168 5596
1169 585
1170 5597
1171 586
1172 5598
1173 587
1174 5599
1175 588
1176 5600
1177 589
1178 5601
1179 590
1180 5602
1181 591
1182 5603
1183 592
1184 5604
1185 593
1186 5605
1187 594
1188 5606
1189 595
1190 5607
1191 596
1192 5608
1193 597
1194 5609
1195 598
1196 5610
1197 599
1198 5611
1199 600
1200 5612
1201 601
1202 5613
1203 602
1204 5614
1205 603
1206 5615
1207 604
1208 5616
1209 605
1210 5617
1211 606
1212 5618
1213 607
1214 5619
1215 608
1216 5620
1217 609
1218 5621
1219 610
1220 5622
1221 611
1222 5623
1223 612
1224 5624
1225 613
1226 5625
1227 614
1228 5626
1229 615
1230 5627
1231 616
1232 5628
1233 617
1234 5629
1235 618
1236 5630
1237 619
1238 5631
1239 620
1240 5632
1241 621
1242 5633
1243 622
1244 5634
1245 623
1246 5635
1247 624
1248 5636
1249 625
1250 5637
1251 626
1252 5638
1253 627
1254 5639
1255 628
1256 5640
1257 629
1258 5641
1259 630
1260 5642
1261 631
1262 5643
1263 632
1264 5644
1265 633
1266 5645
1267 634
1268 5646
1269 635
1270 5647
1271 636
1272 5648
1273 637
1274 5649
1275 638
1276 5650
1277 639
1278 5651
1279 640
1280 5652
1281 641
1282 5653
1283 642
1284 5654
1285 643
1286 5655
1287 644
1288 5656
1289 645
1290 5657
1291 646
1292 5658
1293 647
1294 5659
1295 648
1296 5660
1297 649
1298 5661
1299 650
1300 5662
1301 651
1302 5663
1303 652
1304 5664
1305 653
1306 5665
1307 654
1308 5666
1309 655
1310 5667
1311 656
1312 5668
1313 657
1314 5669
1315 658
1316 5670
1317 659
1318 5671
1319 660
1320 5672
1321 661
1322 5673
1323 662
1324 5674
1325 663
1326 5675
1327 664
1328 5676
1329 665
1330 5677
1331 666
1332 5678
1333 667
1334 5679
1335 668
1336 5680
1337 669
1338 5681
1339 670
1340 5682
1341 671
1342 5683
1343 672
1344 5684
1345 673
1346 5685
1347 674
1348 5686
1349 675
1350 5687
1351 676
1352 5688
1353 677
1354 5689
1355 678
1356 5690
1357 679
1358 5691
1359 680
1360 5692
1361 681
1362 5693
1363 682
1364 5694
1365 683
1366 5695
1367 684
1368 5696
1369 685
1370 5697
1371 686
1372 5698
1373 687
1374 5699
1375 688
1376 5700
1377 689
1378 5701
1379 690
1380 5702
1381 691
1382 5703
1383 692
1384 5704
1385 693
1386 5705
1387 694
1388 5706
1389 695
1390 5707
1391 696
1392 5708
1393 697
1394 5709
1395 698
1396 5710
1397 699
1398 5711
1399 700
1400 5712
1401 701
1402 5713
1403 702
1404 5714
1405 703
1406 5715
1407 704
1408 5716
1409 705
1410 5717
1411 706
1412 5718
1413 707
1414 5719
1415 708
1416 5720
1417 709
1418 5721
1419 710
1420 5722
1421 711
1422 5723
1423 712
1424 5724
1425 713
1426 5725
1427 714
1428 5726
1429 715
1430 5727
1431 716
1432 5728
1433 717
1434 5729
1435 718
1436 5730
1437 719
1438 5731
1439 720
1440 5732
1441 721
1442 5733
1443 722
1444 5734
1445 723
1446 5735
1447 724
1448 5736
1449 725
1450 5737
1451 726
1452 5738
1453 727
1454 5739
1455 728
1456 5740
1457 729
1458 5741
1459 730
1460 5742
1461 731
1462 5743
1463 732
1464 5744
1465 733
1466 5745
1467 734
1468 5746
1469 735
1470 5747
1471 736
1472 5748
1473 737
1474 5749
1475 738
1476 5750
1477 739
1478 5751
1479 740
1480 5752
1481 741
1482 5753
1483 742
1484 5754
1485 743
1486 5755
1487 744
1488 5756
1489 745
1490 5757
1491 746
1492 5758
1493 747
1494 5759
1495 748
1496 5760
1497 749
1498 5761
1499 750
1500 5762
1501 751
1502 5763
1503 752
1504 5764
1505 753
1506 5765
1507 754
1508 5766
1509 755
1510 5767
1511 756
1512 5768
1513 757
1514 5769
1515 758
1516 5770
1517 759
1518 5771
1519 760
1520 5772
1521 761
1522 5773
1523 762
1524 5774
1525 763
1526 5775
1527 764
1528 5776
1529 765
1530 5777
1531 766
1532 5778
1533 767
1534 5779
1535 768
1536 5780
1537 769
1538 5781
1539 770
1540 5782
1541 771
1542 5783
1543 772
1544 5784
1545 773
1546 5785
1547 774
1548 5786
1549 775
1550 5787
1551 776
1552 5788
1553 777
1554 5789
1555 778
1556 5790
1557 779
1558 5791
1559 780
1560 5792
1561 781
1562 5793
1563 782
1564 5794
1565 783
1566 5795
1567 784
1568 5796
1569 785
1570 5797
1571 786
1572 5798
1573 787
1574 5799
1575 788
1576 5800
1577 789
1578 5801
1579 790
1580 5802
1581 791
1582 5803
1583 792
1584 5804
1585 793
1586 5805
1587 794
1588 5806
1589 795
1590 5807
1591 796
1592 5808
1593 797
1594 5809
1595 798
1596 5810
1597 799
1598 5811
1599 800
1600 5812
1601 801
1602 5813
1603 802
1604 5814
1605 803
1606 5815
1607 804
1608 5816
1609 805
1610 5817
1611 806
1612 5818
1613 807
1614 5819
1615 808
1616 5820
1617 809
1618 5821
1619 810
1620 5822
1621 811
1622 5823
1623 812
1624 5824
1625 813
1626 5825
1627 814
1628 5826
1629 815
1630 5827
1631 816
1632 5828
1633 817
1634 5829
1635 818
1636 5830
1637 819
1638 5831
1639 820
1640 5832
1641 821
1642 5833
1643 822
1644 5834
1645 823
1646 5835
1647 824
1648 5836
1649 825
1650 5837
1651 826
1652 5838
1653 827
1654 5839
1655 828
1656 5840
1657 829
1658 5841
1659 830
1660 5842
1661 831
1662 5843
1663 832
1664 5844
1665 833
1666 5845
1667 834
1668 5846
1669 835
1670 5847
1671 836
1672 5848
1673 837
1674 5849
1675 838
1676 5850
1677 839
1678 5851
1679 840
1680 5852
1681 841
1682 5853
1683 842
1684 5854
1685 843
1686 5855
1687 844
1688 5856
1689 845
1690 5857
1691 846
1692 5858
1693 847
1694 5859
1695 848
1696 5860
1697 849
1698 5861
1699 850
1700 5862
1701 851
1702 5863
1703 852
1704 5864
1705 853
1706 5865
1707 854
1708 5866
1709 855
1710 5867
1711 856
1712 5868
1713 857
1714 5869
1715 858
1716 5870
1717 859
1718 5871
1719 860
1720 5872
1721 861
1722 5873
1723 862
1724 5874
1725 863
1726 5875
1727 864
1728 5876
1729 865
1730 5877
1731 866
1732 5878
1733 867
1734 5879
1735 868
1736 5880
1737 869
1738 5881
1739 870
1740 5882
1741 871
1742 5883
1743 872
1744 5884
1745 873
1746 5885
1747 874
1748 5886
1749 875
1750 5887
1751 876
1752 5888
1753 877
1754 5889
1755 878
1756 5890
1757 879
1758 5891
1759 880
1760 5892
1761 881
1762 5893
1763 882
1764 5894
1765 883
1766 5895
1767 884
1768 5896
1769 885
1770 5897
1771 886
1772 5898
1773 887
1774 5899
1775 888
1776 5900
1777 889
1778 5901
1779 890
1780 5902
1781 891
1782 5903
1783 892
1784 5904
1785 893
1786 5905
1787 894
1788 5906
1789 895
1790 5907
1791 896
1792 5908
1793 897
1794 5909
1795 898
1796 5910
1797 899
1798 5911
1799 900
1800 5912
1801 901
1802 5913
1803 902
1804 5914
1805 903
1806 5915
1807 904
1808 5916
1809 905
1810 5917
1811 906
1812 5918
1813 907
1814 5919
1815 908
1816 5920
1817 909
1818 5921
1819 910
1820 5922
1821 911
1822 5923
1823 912
1824 5924
1825 913
1826 5925
1827 914
1828 5926
1829 915
1830 5927
1831 916
1832 5928
1833 917
1834 5929
1835 918
1836 5930
1837 919
1838 5931
1839 920
1840 5932
1841 921
1842 5933
1843 922
1844 5934
1845 923
1846 5935
1847 924
1848 5936
1849 925
1850 5937
1851 926
1852 5938
1853 927
1854 5939
1855 928
1856 5940
1857 929
1858 5941
1859 930
1860 5942
1861 931
1862 5943
1863 932
1864 5944
1865 933
1866 5945
1867 934
1868 5946
1869 935
1870 5947
1871 936
1872 5948
1873 937
1874 5949
1875 938
1876 5950
1877 939
1878 5951
1879 940
1880 5952
1881 941
1882 5953
1883 942
1884 5954
1885 943
1886 5955
1887 944
1888 5956
1889 945
1890 5957
1891 946
1892 5958
1893 947
1894 5959
1895 948
1896 5960
1897 949
1898 5961
1899 950
1900 5962
1901 951
1902 5963
1903 952
1904 5964
1905 953
1906 5965
1907 954
1908 5966
1909 955
1910 5967
1911 956
1912 5968
1913 957
1914 5969
1915 958
1916 5970
1917 959
1918 5971
1919 960
1920 5972
1921 961
1922 5973
1923 962
1924 5974
1925 963
1926 5975
1927 964
1928 5976
1929 965
1930 5977
1931 966
1932 5978
1933 967
1934 5979
1935 968
1936 5980
1937 969
1938 5981
1939 970
1940 5982
1941 971
1942 5983
1943 972
1944 5984
1945 973
1946 5985
1947 974
1948 5986
1949 975
1950 5987
1951 976
1952 5988
1953 977
1954 5989
1955 978
1956 5990
1957 979
1958 5991
1959 980
1960 5992
1961 981
1962 5993
1963 982
1964 5994
1965 983
1966 5995
1967 984
1968 5996
1969 985
1970 5997
1971 986
1972 5998
1973 987
1974 5999
1975 988
1976 6000
1977 989
1978 6001
1979 990
1980 6002
1981 991
1982 6003
1983 992
1984 6004
1985 993
1986 6005
1987 994
1988 6006
1989 995
1990 6007
1991 996
1992 6008
1993 997
1994 6009
1995 998
1996 6010
1997 999
1998 6011
1999 1000
2000 6012
2001 1001
2002 6013
2003 1002
2004 6014
2005 1003
2006 6015
2007 1004
2008 6016
2009 1005
2010 6017
2011 1006
2012 6018
2013 1007
2014 6019
2015 1008
2016 6020
2017 1009
2018 6021
2019 1010
2020 6022
2021 1011
2022 6023
2023 1012
2024 6024
2025 1013
2026 6025
2027 1014
2028 6026
2029 1015
2030 6027
2031 1016
2032 6028
2033 1017
2034 6029
2035 1018
2036 6030
2037 1019
2038 6031
2039 1020
2040 6032
2041 1021
2042 6033
2043 1022
2044 6034
2045 1023
2046 6035
2047 1024
2048 6036
2049 1025
2050 6037
2051 1026
2052 6038
2053 1027
2054 6039
2055 1028
2056 6040
2057 1029
2058 6041
2059 1030
2060 6042
2061 1031
2062 6043
2063 1032
2064 6044
2065 1033
2066 6045
2067 1034
2068 6046
2069 1035
2070 6047
2071 1036
2072 6048
2073 1037
2074 6049
2075 1038
2076 6050
2077 1039
2078 6051
2079 1040
2080 6052
2081 1041
2082 6053
2083 1042
2084 6054
2085 1043
2086 6055
2087 1044
2088 6056
2089 1045
2090 6057
2091 1046
2092 6058
2093 1047
2094 6059
2095 1048
2096 6060
2097 1049
2098 6061
2099 1050
2100 6062
2101 1051
2102 6063
2103 1052
2104 6064
2105 1053
2106 6065
2107 1054
2108 6066
2109 1055
2110 6067
2111 1056
2112 6068
2113 1057
2114 6069
2115 1058
2116 6070
2117 1059
2118 6071
2119 1060
2120 6072
2121 1061
2122 6073
2123 1062
2124 6074
2125 1063
2126 6075
2127 1064
2128 6076
2129 1065
2130 6077
2131 1066
2132 6078
2133 1067
2134 6079
2135 1068
2136 6080
2137 1069
2138 6081
2139 1070
2140 6082
2141 1071
2142 6083
2143 1072
2144 6084
2145 1073
2146 6085
2147 1074
2148 6086
2149 1075
2150 6087
2151 1076
2152 6088
2153 1077
2154 6089
2155 1078
2156 6090
2157 1079
2158 6091
2159 1080
2160 6092
2161 1081
2162 6093
2163 1082
2164 6094
2165 1083
2166 6095
2167 1084
2168 6096
2169 1085
2170 6097
2171 1086
2172 6098
2173 1087
2174 6099
2175 1088
2176 6100
2177 1089
2178 6101
2179 1090
2180 6102
2181 1091
2182 6103
2183 1092
2184 6104
2185 1093
2186 6105
2187 1094
2188 6106
2189 1095
2190 6107
2191 1096
2192 6108
2193 1097
2194 6109
2195 1098
2196 6110
2197 1099
2198 6111
2199 1100
2200 6112
2201 1101
2202 6113
2203 1102
2204 6114
2205 1103
2206 6115
2207 1104
2208 6116
2209 1105
2210 6117
2211 1106
2212 6118
2213 1107
2214 6119
2215 1108
2216 6120
2217 1109
2218 6121
2219 1110
2220 6122
2221 1111
2222 6123
2223 1112
2224 6124
2225 1113
2226 6125
2227 1114
2228 6126
2229 1115
2230 6127
2231 1116
2232 6128
2233 1117
2234 6129
2235 1118
2236 6130
2237 1119
2238 6131
2239 1120
2240 6132
2241 1121
2242 6133
2243 1122
2244 6134
2245 1123
2246 6135
2247 1124
2248 6136
2249 1125
2250 6137
2251 1126
2252 6138
2253 1127
2254 6139
2255 1128
2256 6140
2257 1129
2258 6141
2259 1130
2260 6142
2261 1131
2262 6143
2263 1132
2264 6144
2265 1133
2266 6145
2267 1134
2268 6146
2269 1135
2270 6147
2271 1136
2272 6148
2273 1137
2274 6149
2275 1138
2276 6150
2277 1139
2278 6151
2279 1140
2280 6152
2281 1141
2282 6153
2283 1142
2284 6154
2285 1143
2286 6155
2287 1144
2288 6156
2289 1145
2290 6157
2291 1146
2292 6158
2293 1147
2294 6159
2295 1148
2296 6160
2297 1149
2298 6161
2299 1150
2300 6162
2301 1151
2302 6163
2303 1152
2304 6164
2305 1153
2306 6165
2307 1154
2308 6166
2309 1155
2310 6167
2311 1156
2312 6168
2313 1157
2314 6169
2315 1158
2316 6170
2317 1159
2318 6171
2319 1160
2320 6172
2321 1161
2322 6173
2323 1162
2324 6174
2325 1163
2326 6175
2327 1164
2328 6176
2329 1165
2330 6177
2331 1166
2332 6178
2333 1167
2334 6179
2335 1168
2336 6180
2337 1169
2338 6181
2339 1170
2340 6182
2341 1171
2342 6183
2343 1172
2344 6184
2345 1173
2346 6185
2347 1174
2348 6186
2349 1175
2350 6187
2351 1176
2352 6188
2353 1177
2354 6189
2355 1178
2356 6190
2357 1179
2358 6191
2359 1180
2360 6192
2361 1181
2362 6193
2363 1182
2364 6194
2365 1183
2366 6195
2367 1184
2368 6196
2369 1185
2370 6197
2371 1186
2372 6198
2373 1187
2374 6199
2375 1188
2376 6200
2377 1189
2378 6201
2379 1190
2380 6202
2381 1191
2382 6203
2383 1192
2384 6204
2385 1193
2386 6205
2387 1194
2388 6206
2389 1195
2390 6207
2391 1196
2392 6208
2393 1197
2394 6209
2395 1198
2396 6210
2397 1199
2398 6211
2399 1200
2400 6212
2401 1201
2402 6213
2403 1202
2404 6214
2405 1203
2406 6215
2407 1204
2408 6216
2409 1205
2410 6217
2411 1206
2412 6218
2413 1207
2414 6219
2415 1208
2416 6220
2417 1209
2418 6221
2419 1210
2420 6222
2421 1211
2422 6223
2423 1212
2424 6224
2425 1213
2426 6225
2427 1214
2428 6226
2429 1215
2430 6227
2431 1216
2432 6228
2433 1217
2434 6229
2435 1218
2436 6230
2437 1219
2438 6231
2439 1220
2440 6232
2441 1221
2442 6233
2443 1222
2444 6234
2445 1223
2446 6235
2447 1224
2448 6236
2449 1225
2450 6237
2451 1226
2452 6238
2453 1227
2454 6239
2455 1228
2456 6240
2457 1229
2458 6241
2459 1230
2460 6242
2461 1231
2462 6243
2463 1232
2464 6244
2465 1233
2466 6245
2467 1234
2468 6246
2469 1235
2470 6247
2471 1236
2472 6248
2473 1237
2474 6249
2475 1238
2476 6250
2477 1239
2478 6251
2479 1240
2480 6252
2481 1241
2482 6253
2483 1242
2484 6254
2485 1243
2486 6255
2487 1244
2488 6256
2489 1245
2490 6257
2491 1246
2492 6258
2493 1247
2494 6259
2495 1248
2496 6260
2497 1249
2498 6261
2499 1250
2500 6262
2501 1251
2502 6263
2503 1252
2504 6264
2505 1253
2506 6265
2507 1254
2508 6266
2509 1255
2510 6267
2511 1256
2512 6268
2513 1257
2514 6269
2515 1258
2516 6270
2517 1259
2518 6271
2519 1260
2520 6272
2521 1261
2522 6273
2523 1262
2524 6274
2525 1263
2526 6275
2527 1264
2528 6276
2529 1265
2530 6277
2531 1266
2532 6278
2533 1267
2534 6279
2535 1268
2536 6280
2537 1269
2538 6281
2539 1270
2540 6282
2541 1271
2542 6283
2543 1272
2544 6284
2545 1273
2546 6285
2547 1274
2548 6286
2549 1275
2550 6287
2551 1276
2552 6288
2553 1277
2554 6289
2555 1278
2556 6290
2557 1279
2558 6291
2559 1280
2560 6292
2561 1281
2562 6293
2563 1282
2564 6294
2565 1283
2566 6295
2567 1284
2568 6296
2569 1285
2570 6297
2571 1286
2572 6298
2573 1287
2574 6299
2575 1288
2576 6300
2577 1289
2578 6301
2579 1290
2580 6302
2581 1291
2582 6303
2583 1292
2584 6304
2585 1293
2586 6305
2587 1294
2588 6306
2589 1295
2590 6307
2591 1296
2592 6308
2593 1297
2594 6309
2595 1298
2596 6310
2597 1299
2598 6311
2599 1300
2600 6312
2601 1301
2602 6313
2603 1302
2604 6314
2605 1303
2606 6315
2607 1304
2608 6316
2609 1305
2610 6317
2611 1306
2612 6318
2613 1307
2614 6319
2615 1308
2616 6320
2617 1309
2618 6321
2619 1310
2620 6322
2621 1311
2622 6323
2623 1312
2624 6324
2625 1313
2626 6325
2627 1314
2628 6326
2629 1315
2630 6327
2631 1316
2632 6328
2633 1317
2634 6329
2635 1318
2636 6330
2637 1319
2638 6331
2639 1320
2640 6332
2641 1321
2642 6333
2643 1322
2644 6334
2645 1323
2646 6335
2647 1324
2648 6336
2649 1325
2650 6337
2651 1326
2652 6338
2653 1327
2654 6339
2655 1328
2656 6340
2657 1329
2658 6341
2659 1330
2660 6342
2661 1331
2662 6343
2663 1332
2664 6344
2665 1333
2666 6345
2667 1334
2668 6346
2669 1335
2670 6347
2671 1336
2672 6348
2673 1337
2674 6349
2675 1338
2676 6350
2677 1339
2678 6351
2679 1340
2680 6352
2681 1341
2682 6353
2683 1342
2684 6354
2685 1343
2686 6355
2687 1344
2688 6356
2689 1345
2690 6357
2691 1346
2692 6358
2693 1347
2694 6359
2695 1348
2696 6360
2697 1349
2698 6361
2699 1350
2700 6362
2701 1351
2702 6363
2703 1352
2704 6364
2705 1353
2706 6365
2707 1354
2708 6366
2709 1355
2710 6367
2711 1356
2712 6368
2713 1357
2714 6369
2715 1358
2716 6370
2717 1359
2718 6371
2719 1360
2720 6372
2721 1361
2722 6373
2723 1362
2724 6374
2725 1363
2726 6375
2727 1364
2728 6376
2729 1365
2730 6377
2731 1366
2732 6378
2733 1367
2734 6379
2735 1368
2736 6380
2737 1369
2738 6381
2739 1370
2740 6382
2741 1371
2742 6383
2743 1372
2744 6384
2745 1373
2746 6385
2747 1374
2748 6386
2749 1375
2750 6387
2751 1376
2752 6388
2753 1377
2754 6389
2755 1378
2756 6390
2757 1379
2758 6391
2759 1380
2760 6392
2761 1381
2762 6393
2763 1382
2764 6394
2765 1383
2766 6395
2767 1384
2768 6396
2769 1385
2770 6397
2771 1386
2772 6398
2773 1387
2774 6399
2775 1388
2776 6400
2777 1389
2778 6401
2779 1390
2780 6402
2781 1391
2782 6403
2783 1392
2784 6404
2785 1393
2786 6405
2787 1394
2788 6406
2789 1395
2790 6407
2791 1396
2792 6408
2793 1397
2794 6409
2795 1398
2796 6410
2797 1399
2798 6411
2799 1400
2800 6412
2801 1401
2802 6413
2803 1402
2804 6414
2805 1403
2806 6415
2807 1404
2808 6416
2809 1405
2810 6417
2811 1406
2812 6418
2813 1407
2814 6419
2815 1408
2816 6420
2817 1409
2818 6421
2819 1410
2820 6422
2821 1411
2822 6423
2823 1412
2824 6424
2825 1413
2826 6425
2827 1414
2828 6426
2829 1415
2830 6427
2831 1416
2832 6428
2833 1417
2834 6429
2835 1418
2836 6430
2837 1419
2838 6431
2839 1420
2840 6432
2841 1421
2842 6433
2843 1422
2844 6434
2845 1423
2846 6435
2847 1424
2848 6436
2849 1425
2850 6437
2851 1426
2852 6438
2853 1427
2854 6439
2855 1428
2856 6440
2857 1429
2858 6441
2859 1430
2860 6442
2861 1431
2862 6443
2863 1432
2864 6444
2865 1433
2866 6445
2867 1434
2868 6446
2869 1435
2870 6447
2871 1436
2872 6448
2873 1437
2874 6449
2875 1438
2876 6450
2877 1439
2878 6451
2879 1440
2880 6452
2881 1441
2882 6453
2883 1442
2884 6454
2885 1443
2886 6455
2887 1444
2888 6456
2889 1445
2890 6457
2891 1446
2892 6458
2893 1447
2894 6459
2895 1448
2896 6460
2897 1449
2898 6461
2899 1450
2900 6462
2901 1451
2902 6463
2903 1452
2904 6464
2905 1453
2906 6465
2907 1454
2908 6466
2909 1455
2910 6467
2911 1456
2912 6468
2913 1457
2914 6469
2915 1458
2916 6470
2917 1459
2918 6471
2919 1460
2920 6472
2921 1461
2922 6473
2923 1462
2924 6474
2925 1463
2926 6475
2927 1464
2928 6476
2929 1465
2930 6477
2931 1466
2932 6478
2933 1467
2934 6479
2935 1468
2936 6480
2937 1469
2938 6481
2939 1470
2940 6482
2941 1471
2942 6483
2943 1472
2944 6484
2945 1473
2946 6485
2947 1474
2948 6486
2949 1475
2950 6487
2951 1476
2952 6488
2953 1477
2954 6489
2955 1478
2956 6490
2957 1479
2958 6491
2959 1480
2960 6492
2961 1481
2962 6493
2963 1482
2964 6494
2965 1483
2966 6495
2967 1484
2968 6496
2969 1485
2970 6497
2971 1486
2972 6498
2973 1487
2974 6499
2975 1488
2976 6500
2977 1489
2978 6501
2979 1490
2980 6502
2981 1491
2982 6503
2983 1492
2984 6504
2985 1493
2986 6505
2987 1494
2988 6506
2989 1495
2990 6507
2991 1496
2992 6508
2993 1497
2994 6509
2995 1498
2996 6510
2997 1499
2998 6511
2999 1500
3000 6512
3001 1501
3002 6513
3003 1502
3004 6514
3005 1503
3006 6515
3007 1504
3008 6516
3009 1505
3010 6517
3011 1506
3012 6518
3013 1507
3014 6519
3015 1508
3016 6520
3017 1509
3018 6521
3019 1510
3020 6522
3021 1511
3022 6523
3023 1512
3024 6524
3025 1513
3026 6525
3027 1514
3028 6526
3029 1515
3030 6527
3031 1516
3032 6528
3033 1517
3034 6529
3035 1518
3036 6530
3037 1519
3038 6531
3039 1520
3040 6532
3041 1521
3042 6533
3043 1522
3044 6534
3045 1523
3046 6535
3047 1524
3048 6536
3049 1525
3050 6537
3051 1526
3052 6538
3053 1527
3054 6539
3055 1528
3056 6540
3057 1529
3058 6541
3059 1530
3060 6542
3061 1531
3062 6543
3063 1532
3064 6544
3065 1533
3066 6545
3067 1534
3068 6546
3069 1535
3070 6547
3071 1536
3072 6548
3073 1537
3074 6549
3075 1538
3076 6550
3077 1539
3078 6551
3079 1540
3080 6552
3081 1541
3082 6553
3083 1542
3084 6554
3085 1543
3086 6555
3087 1544
3088 6556
3089 1545
3090 6557
3091 1546
3092 6558
3093 1547
3094 6559
3095 1548
3096 6560
3097 1549
3098 6561
3099 1550
3100 6562
3101 1551
3102 6563
3103 1552
3104 6564
3105 1553
3106 6565
3107 1554
3108 6566
3109 1555
3110 6567
3111 1556
3112 6568
3113 1557
3114 6569
3115 1558
3116 6570
3117 1559
3118 6571
3119 1560
3120 6572
3121 1561
3122 6573
3123 1562
3124 6574
3125 1563
3126 6575
3127 1564
3128 6576
3129 1565
3130 6577
3131 1566
3132 6578
3133 1567
3134 6579
3135 1568
3136 6580
3137 1569
3138 6581
3139 1570
3140 6582
3141 1571
3142 6583
3143 1572
3144 6584
3145 1573
3146 6585
3147 1574
3148 6586
3149 1575
3150 6587
3151 1576
3152 6588
3153 1577
3154 6589
3155 1578
3156 6590
3157 1579
3158 6591
3159 1580
3160 6592
3161 1581
3162 6593
3163 1582
3164 6594
3165 1583
3166 6595
3167 1584
3168 6596
3169 1585
3170 6597
3171 1586
3172 6598
3173 1587
3174 6599
3175 1588
3176 6600
3177 1589
3178 6601
3179 1590
3180 6602
3181 1591
3182 6603
3183 1592
3184 6604
3185 1593
3186 6605
3187 1594
3188 6606
3189 1595
3190 6607
3191 1596
3192 6608
3193 1597
3194 6609
3195 1598
3196 6610
3197 1599
3198 6611
3199 1600
3200 6612
3201 1601
3202 6613
3203 1602
3204 6614
3205 1603
3206 6615
3207 1604
3208 6616
3209 1605
3210 6617
3211 1606
3212 6618
3213 1607
3214 6619
3215 1608
3216 6620
3217 1609
3218 6621
3219 1610
3220 6622
3221 1611
3222 6623
3223 1612
3224 6624
3225 1613
3226 6625
3227 1614
3228 6626
3229 1615
3230 6627
3231 1616
3232 6628
3233 1617
3234 6629
3235 1618
3236 6630
3237 1619
3238 6631
3239 1620
3240 6632
3241 1621
3242 6633
3243 1622
3244 6634
3245 1623
3246 6635
3247 1624
3248 6636
3249 1625
3250 6637
3251 1626
3252 6638
3253 1627
3254 6639
3255 1628
3256 6640
3257 1629
3258 6641
3259 1630
3260 6642
3261 1631
3262 6643
3263 1632
3264 6644
3265 1633
3266 6645
3267 1634
3268 6646
3269 1635
3270 6647
3271 1636
3272 6648
3273 1637
3274 6649
3275 1638
3276 6650
3277 1639
3278 6651
3279 1640
3280 6652
3281 1641
3282 6653
3283 1642
3284 6654
3285 1643
3286 6655
3287 1644
3288 6656
3289 1645
3290 6657
3291 1646
3292 6658
3293 1647
3294 6659
3295 1648
3296 6660
3297 1649
3298 6661
3299 1650
3300 6662
3301 1651
3302 6663
3303 1652
3304 6664
3305 1653
3306 6665
3307 1654
3308 6666
3309 1655
3310 6667
3311 1656
3312 6668
3313 1657
3314 6669
3315 1658
3316 6670
3317 1659
3318 6671
3319 1660
3320 6672
3321 1661
3322 6673
3323 1662
3324 6674
3325 1663
3326 6675
3327 1664
3328 6676
3329 1665
3330 6677
3331 1666
3332 6678
3333 1667
3334 6679
3335 1668
3336 6680
3337 1669
3338 6681
3339 1670
3340 6682
3341 1671
3342 6683
3343 1672
3344 6684
3345 1673
3346 6685
3347 1674
3348 6686
3349 1675
3350 6687
3351 1676
3352 6688
3353 1677
3354 6689
3355 1678
3356 6690
3357 1679
3358 6691
3359 1680
3360 6692
3361 1681
3362 6693
3363 1682
3364 6694
3365 1683
3366 6695
3367 1684
3368 6696
3369 1685
3370 6697
3371 1686
3372 6698
3373 1687
3374 6699
3375 1688
3376 6700
3377 1689
3378 6701
3379 1690
3380 6702
3381 1691
3382 6703
3383 1692
3384 6704
3385 1693
3386 6705
3387 1694
3388 6706
3389 1695
3390 6707
3391 1696
3392 6708
3393 1697
3394 6709
3395 1698
3396 6710
3397 1699
3398 6711
3399 1700
3400 6712
3401 1701
3402 6713
3403 1702
3404 6714
3405 1703
3406 6715
3407 1704
3408 6716
3409 1705
3410 6717
3411 1706
3412 6718
3413 1707
3414 6719
3415 1708
3416 6720
3417 1709
3418 6721
3419 1710
3420 6722
3421 1711
3422 6723
3423 1712
3424 6724
3425 1713
3426 6725
3427 1714
3428 6726
3429 1715
3430 6727
3431 1716
3432 6728
3433 1717
3434 6729
3435 1718
3436 6730
3437 1719
3438 6731
3439 1720
3440 6732
3441 1721
3442 6733
3443 1722
3444 6734
3445 1723
3446 6735
3447 1724
3448 6736
3449 1725
3450 6737
3451 1726
3452 6738
3453 1727
3454 6739
3455 1728
3456 6740
3457 1729
3458 6741
3459 1730
3460 6742
3461 1731
3462 6743
3463 1732
3464 6744
3465 1733
3466 6745
3467 1734
3468 6746
3469 1735
3470 6747
3471 1736
3472 6748
3473 1737
3474 6749
3475 1738
3476 6750
3477 1739
3478 6751
3479 1740
3480 6752
3481 1741
3482 6753
3483 1742
3484 6754
3485 1743
3486 6755
3487 1744
3488 6756
3489 1745
3490 6757
3491 1746
3492 6758
3493 1747
3494 6759
3495 1748
3496 6760
3497 1749
3498 6761
3499 1750
3500 6762
3501 1751
3502 6763
3503 1752
3504 6764
3505 1753
3506 6765
3507 1754
3508 6766
3509 1755
3510 6767
3511 1756
3512 6768
3513 1757
3514 6769
3515 1758
3516 6770
3517 1759
3518 6771
3519 1760
3520 6772
3521 1761
3522 6773
3523 1762
3524 6774
3525 1763
3526 6775
3527 1764
3528 6776
3529 1765
3530 6777
3531 1766
3532 6778
3533 1767
3534 6779
3535 1768
3536 6780
3537 1769
3538 6781
3539 1770
3540 6782
3541 1771
3542 6783
3543 1772
3544 6784
3545 1773
3546 6785
3547 1774
3548 6786
3549 1775
3550 6787
3551 1776
3552 6788
3553 1777
3554 6789
3555 1778
3556 6790
3557 1779
3558 6791
3559 1780
3560 6792
3561 1781
3562 6793
3563 1782
3564 6794
3565 1783
3566 6795
3567 1784
3568 6796
3569 1785
3570 6797
3571 1786
3572 6798
3573 1787
3574 6799
3575 1788
3576 6800
3577 1789
3578 6801
3579 1790
3580 6802
3581 1791
3582 6803
3583 1792
3584 6804
3585 1793
3586 6805
3587 1794
3588 6806
3589 1795
3590 6807
3591 1796
3592 6808
3593 1797
3594 6809
3595 1798
3596 6810
3597 1799
3598 6811
3599 1800
3600 6812
3601 1801
3602 6813
3603 1802
3604 6814
3605 1803
3606 6815
3607 1804
3608 6816
3609 1805
3610 6817
3611 1806
3612 6818
3613 1807
3614 6819
3615 1808
3616 6820
3617 1809
3618 6821
3619 1810
3620 6822
3621 1811
3622 6823
3623 1812
3624 6824
3625 1813
3626 6825
3627 1814
3628 6826
3629 1815
3630 6827
3631 1816
3632 6828
3633 1817
3634 6829
3635 1818
3636 6830
3637 1819
3638 6831
3639 1820
3640 6832
3641 1821
3642 6833
3643 1822
3644 6834
3645 1823
3646 6835
3647 1824
3648 6836
3649 1825
3650 6837
3651 1826
3652 6838
3653 1827
3654 6839
3655 1828
3656 6840
3657 1829
3658 6841
3659 1830
3660 6842
3661 1831
3662 6843
3663 1832
3664 6844
3665 1833
3666 6845
3667 1834
3668 6846
3669 1835
3670 6847
3671 1836
3672 6848
3673 1837
3674 6849
3675 1838
3676 6850
3677 1839
3678 6851
3679 1840
3680 6852
3681 1841
3682 6853
3683 1842
3684 6854
3685 1843
3686 6855
3687 1844
3688 6856
3689 1845
3690 6857
3691 1846
3692 6858
3693 1847
3694 6859
3695 1848
3696 6860
3697 1849
3698 6861
3699 1850
3700 6862
3701 1851
3702 6863
3703 1852
3704 6864
3705 1853
3706 6865
3707 1854
3708 6866
3709 1855
3710 6867
3711 1856
3712 6868
3713 1857
3714 6869
3715 1858
3716 6870
3717 1859
3718 6871
3719 1860
3720 6872
3721 1861
3722 6873
3723 1862
3724 6874
3725 1863
3726 6875
3727 1864
3728 6876
3729 1865
3730 6877
3731 1866
3732 6878
3733 1867
3734 6879
3735 1868
3736 6880
3737 1869
3738 6881
3739 1870
3740 6882
3741 1871
3742 6883
3743 1872
3744 6884
3745 1873
3746 6885
3747 1874
3748 6886
3749 1875
3750 6887
3751 1876
3752 6888
3753 1877
3754 6889
3755 1878
3756 6890
3757 1879
3758 6891
3759 1880
3760 6892
3761 1881
3762 6893
3763 1882
3764 6894
3765 1883
3766 6895
3767 1884
3768 6896
3769 1885
3770 6897
3771 1886
3772 6898
3773 1887
3774 6899
3775 1888
3776 6900
3777 1889
3778 6901
3779 1890
3780 6902
3781 1891
3782 6903
3783 1892
3784 6904
3785 1893
3786 6905
3787 1894
3788 6906
3789 1895
3790 6907
3791 1896
3792 6908
3793 1897
3794 6909
3795 1898
3796 6910
3797 1899
3798 6911
3799 1900
3800 6912
3801 1901
3802 6913
3803 1902
3804 6914
3805 1903
3806 6915
3807 1904
3808 6916
3809 1905
3810 6917
3811 1906
3812 6918
3813 1907
3814 6919
3815 1908
3816 6920
3817 1909
3818 6921
3819 1910
3820 6922
3821 1911
3822 6923
3823 1912
3824 6924
3825 1913
3826 6925
3827 1914
3828 6926
3829 1915
3830 6927
3831 1916
3832 6928
3833 1917
3834 6929
3835 1918
3836 6930
3837 1919
3838 6931
3839 1920
3840 6932
3841 1921
3842 6933
3843 1922
3844 6934
3845 1923
3846 6935
3847 1924
3848 6936
3849 1925
3850 6937
3851 1926
3852 6938
3853 1927
3854 6939
3855 1928
3856 6940
3857 1929
3858 6941
3859 1930
3860 6942
3861 1931
3862 6943
3863 1932
3864 6944
3865 1933
3866 6945
3867 1934
3868 6946
3869 1935
3870 6947
3871 1936
3872 6948
3873 1937
3874 6949
3875 1938
3876 6950
3877 1939
3878 6951
3879 1940
3880 6952
3881 1941
3882 6953
3883 1942
3884 6954
3885 1943
3886 6955
3887 1944
3888 6956
3889 1945
3890 6957
3891 1946
3892 6958
3893 1947
3894 6959
3895 1948
3896 6960
3897 1949
3898 6961
3899 1950
3900 6962
3901 1951
3902 6963
3903 1952
3904 6964
3905 1953
3906 6965
3907 1954
3908 6966
3909 1955
3910 6967
3911 1956
3912 6968
3913 1957
3914 6969
3915 1958
3916 6970
3917 1959
3918 6971
3919 1960
3920 6972
3921 1961
3922 6973
3923 1962
3924 6974
3925 1963
3926 6975
3927 1964
3928 6976
3929 1965
3930 6977
3931 1966
3932 6978
3933 1967
3934 6979
3935 1968
3936 6980
3937 1969
3938 6981
3939 1970
3940 6982
3941 1971
3942 6983
3943 1972
3944 6984
3945 1973
3946 6985
3947 1974
3948 6986
3949 1975
3950 6987
3951 1976
3952 6988
3953 1977
3954 6989
3955 1978
3956 6990
3957 1979
3958 6991
3959 1980
3960 6992
3961 1981
3962 6993
3963 1982
3964 6994
3965 1983
3966 6995
3967 1984
3968 6996
3969 1985
3970 6997
3971 1986
3972 6998
3973 1987
3974 6999
3975 1988
3976 7000
3977 1989
3978 7001
3979 1990
3980 7002
3981 1991
3982 7003
3983 1992
3984 7004
3985 1993
3986 7005
3987 1994
3988 7006
3989 1995
3990 7007
3991 1996
3992 7008
3993 1997
3994 7009
3995 1998
3996 7010
3997 1999
3998 7011
3999 2000
4000 7012
4001 2001
4002 7013
4003 2002
4004 7014
4005 2003
4006 7015
4007 2004
4008 7016
4009 2005
4010 7017
4011 2006
4012 7018
4013 2007
4014 7019
4015 2008
4016 7020
4017 2009
4018 7021
4019 2010
4020 7022
4021 2011
4022 7023
4023 2012
4024 7024
4025 2013
4026 7025
4027 2014
4028 7026
4029 2015
4030 7027
4031 2016
4032 7028
4033 2017
4034 7029
4035 2018
4036 7030
4037 2019
4038 7031
4039 2020
4040 7032
4041 2021
4042 7033
4043 2022
4044 7034
4045 2023
4046 7035
4047 2024
4048 7036
4049 2025
4050 7037
4051 2026
4052 7038
4053 2027
4054 7039
4055 2028
4056 7040
4057 2029
4058 7041
4059 2030
4060 7042
4061 2031
4062 7043
4063 2032
4064 7044
4065 2033
4066 7045
4067 2034
4068 7046
4069 2035
4070 7047
4071 2036
4072 7048
4073 2037
4074 7049
4075 2038
4076 7050
4077 2039
4078 7051
4079 2040
4080 7052
4081 2041
4082 7053
4083 2042
4084 7054
4085 2043
4086 7055
4087 2044
4088 7056
4089 2045
4090 7057
4091 2046
4092 7058
4093 2047
4094 7059
4095 2048
4096 7060
4097 2049
4098 7061
4099 2050
4100 7062
4101 2051
4102 7063
4103 2052
4104 7064
4105 2053
4106 7065
4107 2054
4108 7066
4109 2055
4110 7067
4111 2056
4112 7068
4113 2057
4114 7069
4115 2058
4116 7070
4117 2059
4118 7071
4119 2060
4120 7072
4121 2061
4122 7073
4123 2062
4124 7074
4125 2063
4126 7075
4127 2064
4128 7076
4129 2065
4130 7077
4131 2066
4132 7078
4133 2067
4134 7079
4135 2068
4136 7080
4137 2069
4138 7081
4139 2070
4140 7082
4141 2071
4142 7083
4143 2072
4144 7084
4145 2073
4146 7085
4147 2074
4148 7086
4149 2075
4150 7087
4151 2076
4152 7088
4153 2077
4154 7089
4155 2078
4156 7090
4157 2079
4158 7091
4159 2080
4160 7092
4161 2081
4162 7093
4163 2082
4164 7094
4165 2083
4166 7095
4167 2084
4168 7096
4169 2085
4170 7097
4171 2086
4172 7098
4173 2087
4174 7099
4175 2088
4176 7100
4177 2089
4178 7101
4179 2090
4180 7102
4181 2091
4182 7103
4183 2092
4184 7104
4185 2093
4186 7105
4187 2094
4188 7106
4189 2095
4190 7107
4191 2096
4192 7108
4193 2097
4194 7109
4195 2098
4196 7110
4197 2099
4198 7111
4199 2100
4200 7112
4201 2101
4202 7113
4203 2102
4204 7114
4205 2103
4206 7115
4207 2104
4208 7116
4209 2105
4210 7117
4211 2106
4212 7118
4213 2107
4214 7119
4215 2108
4216 7120
4217 2109
4218 7121
4219 2110
4220 7122
4221 2111
4222 7123
4223 2112
4224 7124
4225 2113
4226 7125
4227 2114
4228 7126
4229 2115
4230 7127
4231 2116
4232 7128
4233 2117
4234 7129
4235 2118
4236 7130
4237 2119
4238 7131
4239 2120
4240 7132
4241 2121
4242 7133
4243 2122
4244 7134
4245 2123
4246 7135
4247 2124
4248 7136
4249 2125
4250 7137
4251 2126
4252 7138
4253 2127
4254 7139
4255 2128
4256 7140
4257 2129
4258 7141
4259 2130
4260 7142
4261 2131
4262 7143
4263 2132
4264 7144
4265 2133
4266 7145
4267 2134
4268 7146
4269 2135
4270 7147
4271 2136
4272 7148
4273 2137
4274 7149
4275 2138
4276 7150
4277 2139
4278 7151
4279 2140
4280 7152
4281 2141
4282 7153
4283 2142
4284 7154
4285 2143
4286 7155
4287 2144
4288 7156
4289 2145
4290 7157
4291 2146
4292 7158
4293 2147
4294 7159
4295 2148
4296 7160
4297 2149
4298 7161
4299 2150
4300 7162
4301 2151
4302 7163
4303 2152
4304 7164
4305 2153
4306 7165
4307 2154
4308 7166
4309 2155
4310 7167
4311 2156
4312 7168
4313 2157
4314 7169
4315 2158
4316 7170
4317 2159
4318 7171
4319 2160
4320 7172
4321 2161
4322 7173
4323 2162
4324 7174
4325 2163
4326 7175
4327 2164
4328 7176
4329 2165
4330 7177
4331 2166
4332 7178
4333 2167
4334 7179
4335 2168
4336 7180
4337 2169
4338 7181
4339 2170
4340 7182
4341 2171
4342 7183
4343 2172
4344 7184
4345 2173
4346 7185
4347 2174
4348 7186
4349 2175
4350 7187
4351 2176
4352 7188
4353 2177
4354 7189
4355 2178
4356 7190
4357 2179
4358 7191
4359 2180
4360 7192
4361 2181
4362 7193
4363 2182
4364 7194
4365 2183
4366 7195
4367 2184
4368 7196
4369 2185
4370 7197
4371 2186
4372 7198
4373 2187
4374 7199
4375 2188
4376 7200
4377 2189
4378 7201
4379 2190
4380 7202
4381 2191
4382 7203
4383 2192
4384 7204
4385 2193
4386 7205
4387 2194
4388 7206
4389 2195
4390 7207
4391 2196
4392 7208
4393 2197
4394 7209
4395 2198
4396 7210
4397 2199
4398 7211
4399 2200
4400 7212
4401 2201
4402 7213
4403 2202
4404 7214
4405 2203
4406 7215
4407 2204
4408 7216
4409 2205
4410 7217
4411 2206
4412 7218
4413 2207
4414 7219
4415 2208
4416 7220
4417 2209
4418 7221
4419 2210
4420 7222
4421 2211
4422 7223
4423 2212
4424 7224
4425 2213
4426 7225
4427 2214
4428 7226
4429 2215
4430 7227
4431 2216
4432 7228
4433 2217
4434 7229
4435 2218
4436 7230
4437 2219
4438 7231
4439 2220
4440 7232
4441 2221
4442 7233
4443 2222
4444 7234
4445 2223
4446 7235
4447 2224
4448 7236
4449 2225
4450 7237
4451 2226
4452 7238
4453 2227
4454 7239
4455 2228
4456 7240
4457 2229
4458 7241
4459 2230
4460 7242
4461 2231
4462 7243
4463 2232
4464 7244
4465 2233
4466 7245
4467 2234
4468 7246
4469 2235
4470 7247
4471 2236
4472 7248
4473 2237
4474 7249
4475 2238
4476 7250
4477 2239
4478 7251
4479 2240
4480 7252
4481 2241
4482 7253
4483 2242
4484 7254
4485 2243
4486 7255
4487 2244
4488 7256
4489 2245
4490 7257
4491 2246
4492 7258
4493 2247
4494 7259
4495 2248
4496 7260
4497 2249
4498 7261
4499 2250
4500 7262
4501 2251
4502 7263
4503 2252
4504 7264
4505 2253
4506 7265
4507 2254
4508 7266
4509 2255
4510 7267
4511 2256
4512 7268
4513 2257
4514 7269
4515 2258
4516 7270
4517 2259
4518 7271
4519 2260
4520 7272
4521 2261
4522 7273
4523 2262
4524 7274
4525 2263
4526 7275
4527 2264
4528 7276
4529 2265
4530 7277
4531 2266
4532 7278
4533 2267
4534 7279
4535 2268
4536 7280
4537 2269
4538 7281
4539 2270
4540 7282
4541 2271
4542 7283
4543 2272
4544 7284
4545 2273
4546 7285
4547 2274
4548 7286
4549 2275
4550 7287
4551 2276
4552 7288
4553 2277
4554 7289
4555 2278
4556 7290
4557 2279
4558 7291
4559 2280
4560 7292
4561 2281
4562 7293
4563 2282
4564 7294
4565 2283
4566 7295
4567 2284
4568 7296
4569 2285
4570 7297
4571 2286
4572 7298
4573 2287
4574 7299
4575 2288
4576 7300
4577 2289
4578 7301
4579 2290
4580 7302
4581 2291
4582 7303
4583 2292
4584 7304
4585 2293
4586 7305
4587 2294
4588 7306
4589 2295
4590 7307
4591 2296
4592 7308
4593 2297
4594 7309
4595 2298
4596 7310
4597 2299
4598 7311
4599 2300
4600 7312
4601 2301
4602 7313
4603 2302
4604 7314
4605 2303
4606 7315
4607 2304
4608 7316
4609 2305
4610 7317
4611 2306
4612 7318
4613 2307
4614 7319
4615 2308
4616 7320
4617 2309
4618 7321
4619 2310
4620 7322
4621 2311
4622 7323
4623 2312
4624 7324
4625 2313
4626 7325
4627 2314
4628 7326
4629 2315
4630 7327
4631 2316
4632 7328
4633 2317
4634 7329
4635 2318
4636 7330
4637 2319
4638 7331
4639 2320
4640 7332
4641 2321
4642 7333
4643 2322
4644 7334
4645 2323
4646 7335
4647 2324
4648 7336
4649 2325
4650 7337
4651 2326
4652 7338
4653 2327
4654 7339
4655 2328
4656 7340
4657 2329
4658 7341
4659 2330
4660 7342
4661 2331
4662 7343
4663 2332
4664 7344
4665 2333
4666 7345
4667 2334
4668 7346
4669 2335
4670 7347
4671 2336
4672 7348
4673 2337
4674 7349
4675 2338
4676 7350
4677 2339
4678 7351
4679 2340
4680 7352
4681 2341
4682 7353
4683 2342
4684 7354
4685 2343
4686 7355
4687 2344
4688 7356
4689 2345
4690 7357
4691 2346
4692 7358
4693 2347
4694 7359
4695 2348
4696 7360
4697 2349
4698 7361
4699 2350
4700 7362
4701 2351
4702 7363
4703 2352
4704 7364
4705 2353
4706 7365
4707 2354
4708 7366
4709 2355
4710 7367
4711 2356
4712 7368
4713 2357
4714 7369
4715 2358
4716 7370
4717 2359
4718 7371
4719 2360
4720 7372
4721 2361
4722 7373
4723 2362
4724 7374
4725 2363
4726 7375
4727 2364
4728 7376
4729 2365
4730 7377
4731 2366
4732 7378
4733 2367
4734 7379
4735 2368
4736 7380
4737 2369
4738 7381
4739 2370
4740 7382
4741 2371
4742 7383
4743 2372
4744 7384
4745 2373
4746 7385
4747 2374
4748 7386
4749 2375
4750 7387
4751 2376
4752 7388
4753 2377
4754 7389
4755 2378
4756 7390
4757 2379
4758 7391
4759 2380
4760 7392
4761 2381
4762 7393
4763 2382
4764 7394
4765 2383
4766 7395
4767 2384
4768 7396
4769 2385
4770 7397
4771 2386
4772 7398
4773 2387
4774 7399
4775 2388
4776 7400
4777 2389
4778 7401
4779 2390
4780 7402
4781 2391
4782 7403
4783 2392
4784 7404
4785 2393
4786 7405
4787 2394
4788 7406
4789 2395
4790 7407
4791 2396
4792 7408
4793 2397
4794 7409
4795 2398
4796 7410
4797 2399
4798 7411
4799 2400
4800 7412
4801 2401
4802 7413
4803 2402
4804 7414
4805 2403
4806 7415
4807 2404
4808 7416
4809 2405
4810 7417
4811 2406
4812 7418
4813 2407
4814 7419
4815 2408
4816 7420
4817 2409
4818 7421
4819 2410
4820 7422
4821 2411
4822 7423
4823 2412
4824 7424
4825 2413
4826 7425
4827 2414
4828 7426
4829 2415
4830 7427
4831 2416
4832 7428
4833 2417
4834 7429
4835 2418
4836 7430
4837 2419
4838 7431
4839 2420
4840 7432
4841 2421
4842 7433
4843 2422
4844 7434
4845 2423
4846 7435
4847 2424
4848 7436
4849 2425
4850 7437
4851 2426
4852 7438
4853 2427
4854 7439
4855 2428
4856 7440
4857 2429
4858 7441
4859 2430
4860 7442
4861 2431
4862 7443
4863 2432
4864 7444
4865 2433
4866 7445
4867 2434
4868 7446
4869 2435
4870 7447
4871 2436
4872 7448
4873 2437
4874 7449
4875 2438
4876 7450
4877 2439
4878 7451
4879 2440
4880 7452
4881 2441
4882 7453
4883 2442
4884 7454
4885 2443
4886 7455
4887 2444
4888 7456
4889 2445
4890 7457
4891 2446
4892 7458
4893 2447
4894 7459
4895 2448
4896 7460
4897 2449
4898 7461
4899 2450
4900 7462
4901 2451
4902 7463
4903 2452
4904 7464
4905 2453
4906 7465
4907 2454
4908 7466
4909 2455
4910 7467
4911 2456
4912 7468
4913 2457
4914 7469
4915 2458
4916 7470
4917 2459
4918 7471
4919 2460
4920 7472
4921 2461
4922 7473
4923 2462
4924 7474
4925 2463
4926 7475
4927 2464
4928 7476
4929 2465
4930 7477
4931 2466
4932 7478
4933 2467
4934 7479
4935 2468
4936 7480
4937 2469
4938 7481
4939 2470
4940 7482
4941 2471
4942 7483
4943 2472
4944 7484
4945 2473
4946 7485
4947 2474
4948 7486
4949 2475
4950 7487
4951 2476
4952 7488
4953 2477
4954 7489
4955 2478
4956 7490
4957 2479
4958 7491
4959 2480
4960 7492
4961 2481
4962 7493
4963 2482
4964 7494
4965 2483
4966 7495
4967 2484
4968 7496
4969 2485
4970 7497
4971 2486
4972 7498
4973 2487
4974 7499
4975 2488
4976 7500
4977 2489
4978 7501
4979 2490
4980 7502
4981 2491
4982 7503
4983 2492
4984 7504
4985 2493
4986 7505
4987 2494
4988 7506
4989 2495
4990 7507
4991 2496
4992 7508
4993 2497
4994 7509
4995 2498
4996 7510
4997 2499
4998 7511
4999 2500
5000 7512
5001 2501
5002 7513
5003 2502
5004 7514
5005 2503
5006 7515
5007 2504
5008 7516
5009 2505
5010 7517
5011 2506
5012 7518
5013 2507
5014 7519
5015 2508
5016 7520
5017 2509
5018 7521
5019 2510
5020 7522
5021 2511
5022 7523
5023 2512
5024 7524
5025 2513
5026 7525
5027 2514
5028 7526
5029 2515
5030 7527
5031 2516
5032 7528
5033 2517
5034 7529
5035 2518
5036 7530
5037 2519
5038 7531
5039 2520
5040 7532
5041 2521
5042 7533
5043 2522
5044 7534
5045 2523
5046 7535
5047 2524
5048 7536
5049 2525
5050 7537
5051 2526
5052 7538
5053 2527
5054 7539
5055 2528
5056 7540
5057 2529
5058 7541
5059 2530
5060 7542
5061 2531
5062 7543
5063 2532
5064 7544
5065 2533
5066 7545
5067 2534
5068 7546
5069 2535
5070 7547
5071 2536
5072 7548
5073 2537
5074 7549
5075 2538
5076 7550
5077 2539
5078 7551
5079 2540
5080 7552
5081 2541
5082 7553
5083 2542
5084 7554
5085 2543
5086 7555
5087 2544
5088 7556
5089 2545
5090 7557
5091 2546
5092 7558
5093 2547
5094 7559
5095 2548
5096 7560
5097 2549
5098 7561
5099 2550
5100 7562
5101 2551
5102 7563
5103 2552
5104 7564
5105 2553
5106 7565
5107 2554
5108 7566
5109 2555
5110 7567
5111 2556
5112 7568
5113 2557
5114 7569
5115 2558
5116 7570
5117 2559
5118 7571
5119 2560
5120 7572
5121 2561
5122 7573
5123 2562
5124 7574
5125 2563
5126 7575
5127 2564
5128 7576
5129 2565
5130 7577
5131 2566
5132 7578
5133 2567
5134 7579
5135 2568
5136 7580
5137 2569
5138 7581
5139 2570
5140 7582
5141 2571
5142 7583
5143 2572
5144 7584
5145 2573
5146 7585
5147 2574
5148 7586
5149 2575
5150 7587
5151 2576
5152 7588
5153 2577
5154 7589
5155 2578
5156 7590
5157 2579
5158 7591
5159 2580
5160 7592
5161 2581
5162 7593
5163 2582
5164 7594
5165 2583
5166 7595
5167 2584
5168 7596
5169 2585
5170 7597
5171 2586
5172 7598
5173 2587
5174 7599
5175 2588
5176 7600
5177 2589
5178 7601
5179 2590
5180 7602
5181 2591
5182 7603
5183 2592
5184 7604
5185 2593
5186 7605
5187 2594
5188 7606
5189 2595
5190 7607
5191 2596
5192 7608
5193 2597
5194 7609
5195 2598
5196 7610
5197 2599
5198 7611
5199 2600
5200 7612
5201 2601
5202 7613
5203 2602
5204 7614
5205 2603
5206 7615
5207 2604
5208 7616
5209 2605
5210 7617
5211 2606
5212 7618
5213 2607
5214 7619
5215 2608
5216 7620
5217 2609
5218 7621
5219 2610
5220 7622
5221 2611
5222 7623
5223 2612
5224 7624
5225 2613
5226 7625
5227 2614
5228 7626
5229 2615
5230 7627
5231 2616
5232 7628
5233 2617
5234 7629
5235 2618
5236 7630
5237 2619
5238 7631
5239 2620
5240 7632
5241 2621
5242 7633
5243 2622
5244 7634
5245 2623
5246 7635
5247 2624
5248 7636
5249 2625
5250 7637
5251 2626
5252 7638
5253 2627
5254 7639
5255 2628
5256 7640
5257 2629
5258 7641
5259 2630
5260 7642
5261 2631
5262 7643
5263 2632
5264 7644
5265 2633
5266 7645
5267 2634
5268 7646
5269 2635
5270 7647
5271 2636
5272 7648
5273 2637
5274 7649
5275 2638
5276 7650
5277 2639
5278 7651
5279 2640
5280 7652
5281 2641
5282 7653
5283 2642
5284 7654
5285 2643
5286 7655
5287 2644
5288 7656
5289 2645
5290 7657
5291 2646
5292 7658
5293 2647
5294 7659
5295 2648
5296 7660
5297 2649
5298 7661
5299 2650
5300 7662
5301 2651
5302 7663
5303 2652
5304 7664
5305 2653
5306 7665
5307 2654
5308 7666
5309 2655
5310 7667
5311 2656
5312 7668
5313 2657
5314 7669
5315 2658
5316 7670
5317 2659
5318 7671
5319 2660
5320 7672
5321 2661
5322 7673
5323 2662
5324 7674
5325 2663
5326 7675
5327 2664
5328 7676
5329 2665
5330 7677
5331 2666
5332 7678
5333 2667
5334 7679
5335 2668
5336 7680
5337 2669
5338 7681
5339 2670
5340 7682
5341 2671
5342 7683
5343 2672
5344 7684
5345 2673
5346 7685
5347 2674
5348 7686
5349 2675
5350 7687
5351 2676
5352 7688
5353 2677
5354 7689
5355 2678
5356 7690
5357 2679
5358 7691
5359 2680
5360 7692
5361 2681
5362 7693
5363 2682
5364 7694
5365 2683
5366 7695
5367 2684
5368 7696
5369 2685
5370 7697
5371 2686
5372 7698
5373 2687
5374 7699
5375 2688
5376 7700
5377 2689
5378 7701
5379 2690
5380 7702
5381 2691
5382 7703
5383 2692
5384 7704
5385 2693
5386 7705
5387 2694
5388 7706
5389 2695
5390 7707
5391 2696
5392 7708
5393 2697
5394 7709
5395 2698
5396 7710
5397 2699
5398 7711
5399 2700
5400 7712
5401 2701
5402 7713
5403 2702
5404 7714
5405 2703
5406 7715
5407 2704
5408 7716
5409 2705
5410 7717
5411 2706
5412 7718
5413 2707
5414 7719
5415 2708
5416 7720
5417 2709
5418 7721
5419 2710
5420 7722
5421 2711
5422 7723
5423 2712
5424 7724
5425 2713
5426 7725
5427 2714
5428 7726
5429 2715
5430 7727
5431 2716
5432 7728
5433 2717
5434 7729
5435 2718
5436 7730
5437 2719
5438 7731
5439 2720
5440 7732
5441 2721
5442 7733
5443 2722
5444 7734
5445 2723
5446 7735
5447 2724
5448 7736
5449 2725
5450 7737
5451 2726
5452 7738
5453 2727
5454 7739
5455 2728
5456 7740
5457 2729
5458 7741
5459 2730
5460 7742
5461 2731
5462 7743
5463 2732
5464 7744
5465 2733
5466 7745
5467 2734
5468 7746
5469 2735
5470 7747
5471 2736
5472 7748
5473 2737
5474 7749
5475 2738
5476 7750
5477 2739
5478 7751
5479 2740
5480 7752
5481 2741
5482 7753
5483 2742
5484 7754
5485 2743
5486 7755
5487 2744
5488 7756
5489 2745
5490 7757
5491 2746
5492 7758
5493 2747
5494 7759
5495 2748
5496 7760
5497 2749
5498 7761
5499 2750
5500 7762
5501 2751
5502 7763
5503 2752
5504 7764
5505 2753
5506 7765
5507 2754
5508 7766
5509 2755
5510 7767
5511 2756
5512 7768
5513 2757
5514 7769
5515 2758
5516 7770
5517 2759
5518 7771
5519 2760
5520 7772
5521 2761
5522 7773
5523 2762
5524 7774
5525 2763
5526 7775
5527 2764
5528 7776
5529 2765
5530 7777
5531 2766
5532 7778
5533 2767
5534 7779
5535 2768
5536 7780
5537 2769
5538 7781
5539 2770
5540 7782
5541 2771
5542 7783
5543 2772
5544 7784
5545 2773
5546 7785
5547 2774
5548 7786
5549 2775
5550 7787
5551 2776
5552 7788
5553 2777
5554 7789
5555 2778
5556 7790
5557 2779
5558 7791
5559 2780
5560 7792
5561 2781
5562 7793
5563 2782
5564 7794
5565 2783
5566 7795
5567 2784
5568 7796
5569 2785
5570 7797
5571 2786
5572 7798
5573 2787
5574 7799
5575 2788
5576 7800
5577 2789
5578 7801
5579 2790
5580 7802
5581 2791
5582 7803
5583 2792
5584 7804
5585 2793
5586 7805
5587 2794
5588 7806
5589 2795
5590 7807
5591 2796
5592 7808
5593 2797
5594 7809
5595 2798
5596 7810
5597 2799
5598 7811
5599 2800
5600 7812
5601 2801
5602 7813
5603 2802
5604 7814
5605 2803
5606 7815
5607 2804
5608 7816
5609 2805
5610 7817
5611 2806
5612 7818
5613 2807
5614 7819
5615 2808
5616 7820
5617 2809
5618 7821
5619 2810
5620 7822
5621 2811
5622 7823
5623 2812
5624 7824
5625 2813
5626 7825
5627 2814
5628 7826
5629 2815
5630 7827
5631 2816
5632 7828
5633 2817
5634 7829
5635 2818
5636 7830
5637 2819
5638 7831
5639 2820
5640 7832
5641 2821
5642 7833
5643 2822
5644 7834
5645 2823
5646 7835
5647 2824
5648 7836
5649 2825
5650 7837
5651 2826
5652 7838
5653 2827
5654 7839
5655 2828
5656 7840
5657 2829
5658 7841
5659 2830
5660 7842
5661 2831
5662 7843
5663 2832
5664 7844
5665 2833
5666 7845
5667 2834
5668 7846
5669 2835
5670 7847
5671 2836
5672 7848
5673 2837
5674 7849
5675 2838
5676 7850
5677 2839
5678 7851
5679 2840
5680 7852
5681 2841
5682 7853
5683 2842
5684 7854
5685 2843
5686 7855
5687 2844
5688 7856
5689 2845
5690 7857
5691 2846
5692 7858
5693 2847
5694 7859
5695 2848
5696 7860
5697 2849
5698 7861
5699 2850
5700 7862
5701 2851
5702 7863
5703 2852
5704 7864
5705 2853
5706 7865
5707 2854
5708 7866
5709 2855
5710 7867
5711 2856
5712 7868
5713 2857
5714 7869
5715 2858
5716 7870
5717 2859
5718 7871
5719 2860
5720 7872
5721 2861
5722 7873
5723 2862
5724 7874
5725 2863
5726 7875
5727 2864
5728 7876
5729 2865
5730 7877
5731 2866
5732 7878
5733 2867
5734 7879
5735 2868
5736 7880
5737 2869
5738 7881
5739 2870
5740 7882
5741 2871
5742 7883
5743 2872
5744 7884
5745 2873
5746 7885
5747 2874
5748 7886
5749 2875
5750 7887
5751 2876
5752 7888
5753 2877
5754 7889
5755 2878
5756 7890
5757 2879
5758 7891
5759 2880
5760 7892
5761 2881
5762 7893
5763 2882
5764 7894
5765 2883
5766 7895
5767 2884
5768 7896
5769 2885
5770 7897
5771 2886
5772 7898
5773 2887
5774 7899
5775 2888
5776 7900
5777 2889
5778 7901
5779 2890
5780 7902
5781 2891
5782 7903
5783 2892
5784 7904
5785 2893
5786 7905
5787 2894
5788 7906
5789 2895
5790 7907
5791 2896
5792 7908
5793 2897
5794 7909
5795 2898
5796 7910
5797 2899
5798 7911
5799 2900
5800 7912
5801 2901
5802 7913
5803 2902
5804 7914
5805 2903
5806 7915
5807 2904
5808 7916
5809 2905
5810 7917
5811 2906
5812 7918
5813 2907
5814 7919
5815 2908
5816 7920
5817 2909
5818 7921
5819 2910
5820 7922
5821 2911
5822 7923
5823 2912
5824 7924
5825 2913
5826 7925
5827 2914
5828 7926
5829 2915
5830 7927
5831 2916
5832 7928
5833 2917
5834 7929
5835 2918
5836 7930
5837 2919
5838 7931
5839 2920
5840 7932
5841 2921
5842 7933
5843 2922
5844 7934
5845 2923
5846 7935
5847 2924
5848 7936
5849 2925
5850 7937
5851 2926
5852 7938
5853 2927
5854 7939
5855 2928
5856 7940
5857 2929
5858 7941
5859 2930
5860 7942
5861 2931
5862 7943
5863 2932
5864 7944
5865 2933
5866 7945
5867 2934
5868 7946
5869 2935
5870 7947
5871 2936
5872 7948
5873 2937
5874 7949
5875 2938
5876 7950
5877 2939
5878 7951
5879 2940
5880 7952
5881 2941
5882 7953
5883 2942
5884 7954
5885 2943
5886 7955
5887 2944
5888 7956
5889 2945
5890 7957
5891 2946
5892 7958
5893 2947
5894 7959
5895 2948
5896 7960
5897 2949
5898 7961
5899 2950
5900 7962
5901 2951
5902 7963
5903 2952
5904 7964
5905 2953
5906 7965
5907 2954
5908 7966
5909 2955
5910 7967
5911 2956
5912 7968
5913 2957
5914 7969
5915 2958
5916 7970
5917 2959
5918 7971
5919 2960
5920 7972
5921 2961
5922 7973
5923 2962
5924 7974
5925 2963
5926 7975
5927 2964
5928 7976
5929 2965
5930 7977
5931 2966
5932 7978
5933 2967
5934 7979
5935 2968
5936 7980
5937 2969
5938 7981
5939 2970
5940 7982
5941 2971
5942 7983
5943 2972
5944 7984
5945 2973
5946 7985
5947 2974
5948 7986
5949 2975
5950 7987
5951 2976
5952 7988
5953 2977
5954 7989
5955 2978
5956 7990
5957 2979
5958 7991
5959 2980
5960 7992
5961 2981
5962 7993
5963 2982
5964 7994
5965 2983
5966 7995
5967 2984
5968 7996
5969 2985
5970 7997
5971 2986
5972 7998
5973 2987
5974 7999
5975 2988
5976 8000
5977 2989
5978 8001
5979 2990
5980 8002
5981 2991
5982 8003
5983 2992
5984 8004
5985 2993
5986 8005
5987 2994
5988 8006
5989 2995
5990 8007
5991 2996
5992 8008
5993 2997
5994 8009
5995 2998
5996 8010
5997 2999
5998 8011
5999 3000
6000 8012
6001 3001
6002 8013
6003 3002
6004 8014
6005 3003
6006 8015
6007 3004
6008 8016
6009 3005
6010 8017
6011 3006
6012 8018
6013 3007
6014 8019
6015 3008
6016 8020
6017 3009
6018 8021
6019 3010
6020 8022
6021 3011
6022 8023
6023 3012
6024 8024
6025 3013
6026 8025
6027 3014
6028 8026
6029 3015
6030 8027
6031 3016
6032 8028
6033 3017
6034 8029
6035 3018
6036 8030
6037 3019
6038 8031
6039 3020
6040 8032
6041 3021
6042 8033
6043 3022
6044 8034
6045 3023
6046 8035
6047 3024
6048 8036
6049 3025
6050 8037
6051 3026
6052 8038
6053 3027
6054 8039
6055 3028
6056 8040
6057 3029
6058 8041
6059 3030
6060 8042
6061 3031
6062 8043
6063 3032
6064 8044
6065 3033
6066 8045
6067 3034
6068 8046
6069 3035
6070 8047
6071 3036
6072 8048
6073 3037
6074 8049
6075 3038
6076 8050
6077 3039
6078 8051
6079 3040
6080 8052
6081 3041
6082 8053
6083 3042
6084 8054
6085 3043
6086 8055
6087 3044
6088 8056
6089 3045
6090 8057
6091 3046
6092 8058
6093 3047
6094 8059
6095 3048
6096 8060
6097 3049
6098 8061
6099 3050
6100 8062
6101 3051
6102 8063
6103 3052
6104 8064
6105 3053
6106 8065
6107 3054
6108 8066
6109 3055
6110 8067
6111 3056
6112 8068
6113 3057
6114 8069
6115 3058
6116 8070
6117 3059
6118 8071
6119 3060
6120 8072
6121 3061
6122 8073
6123 3062
6124 8074
6125 3063
6126 8075
6127 3064
6128 8076
6129 3065
6130 8077
6131 3066
6132 8078
6133 3067
6134 8079
6135 3068
6136 8080
6137 3069
6138 8081
6139 3070
6140 8082
6141 3071
6142 8083
6143 3072
6144 8084
6145 3073
6146 8085
6147 3074
6148 8086
6149 3075
6150 8087
6151 3076
6152 8088
6153 3077
6154 8089
6155 3078
6156 8090
6157 3079
6158 8091
6159 3080
6160 8092
6161 3081
6162 8093
6163 3082
6164 8094
6165 3083
6166 8095
6167 3084
6168 8096
6169 3085
6170 8097
6171 3086
6172 8098
6173 3087
6174 8099
6175 3088
6176 8100
6177 3089
6178 8101
6179 3090
6180 8102
6181 3091
6182 8103
6183 3092
6184 8104
6185 3093
6186 8105
6187 3094
6188 8106
6189 3095
6190 8107
6191 3096
6192 8108
6193 3097
6194 8109
6195 3098
6196 8110
6197 3099
6198 8111
6199 3100
6200 8112
6201 3101
6202 8113
6203 3102
6204 8114
6205 3103
6206 8115
6207 3104
6208 8116
6209 3105
6210 8117
6211 3106
6212 8118
6213 3107
6214 8119
6215 3108
6216 8120
6217 3109
6218 8121
6219 3110
6220 8122
6221 3111
6222 8123
6223 3112
6224 8124
6225 3113
6226 8125
6227 3114
6228 8126
6229 3115
6230 8127
6231 3116
6232 8128
6233 3117
6234 8129
6235 3118
6236 8130
6237 3119
6238 8131
6239 3120
6240 8132
6241 3121
6242 8133
6243 3122
6244 8134
6245 3123
6246 8135
6247 3124
6248 8136
6249 3125
6250 8137
6251 3126
6252 8138
6253 3127
6254 8139
6255 3128
6256 8140
6257 3129
6258 8141
6259 3130
6260 8142
6261 3131
6262 8143
6263 3132
6264 8144
6265 3133
6266 8145
6267 3134
6268 8146
6269 3135
6270 8147
6271 3136
6272 8148
6273 3137
6274 8149
6275 3138
6276 8150
6277 3139
6278 8151
6279 3140
6280 8152
6281 3141
6282 8153
6283 3142
6284 8154
6285 3143
6286 8155
6287 3144
6288 8156
6289 3145
6290 8157
6291 3146
6292 8158
6293 3147
6294 8159
6295 3148
6296 8160
6297 3149
6298 8161
6299 3150
6300 8162
6301 3151
6302 8163
6303 3152
6304 8164
6305 3153
6306 8165
6307 3154
6308 8166
6309 3155
6310 8167
6311 3156
6312 8168
6313 3157
6314 8169
6315 3158
6316 8170
6317 3159
6318 8171
6319 3160
6320 8172
6321 3161
6322 8173
6323 3162
6324 8174
6325 3163
6326 8175
6327 3164
6328 8176
6329 3165
6330 8177
6331 3166
6332 8178
6333 3167
6334 8179
6335 3168
6336 8180
6337 3169
6338 8181
6339 3170
6340 8182
6341 3171
6342 8183
6343 3172
6344 8184
6345 3173
6346 8185
6347 3174
6348 8186
6349 3175
6350 8187
6351 3176
6352 8188
6353 3177
6354 8189
6355 3178
6356 8190
6357 3179
6358 8191
6359 3180
6360 8192
6361 3181
6362 8193
6363 3182
6364 8194
6365 3183
6366 8195
6367 3184
6368 8196
6369 3185
6370 8197
6371 3186
6372 8198
6373 3187
6374 8199
6375 3188
6376 8200
6377 3189
6378 8201
6379 3190
6380 8202
6381 3191
6382 8203
6383 3192
6384 8204
6385 3193
6386 8205
6387 3194
6388 8206
6389 3195
6390 8207
6391 3196
6392 8208
6393 3197
6394 8209
6395 3198
6396 8210
6397 3199
6398 8211
6399 3200
6400 8212
6401 3201
6402 8213
6403 3202
6404 8214
6405 3203
6406 8215
6407 3204
6408 8216
6409 3205
6410 8217
6411 3206
6412 8218
6413 3207
6414 8219
6415 3208
6416 8220
6417 3209
6418 8221
6419 3210
6420 8222
6421 3211
6422 8223
6423 3212
6424 8224
6425 3213
6426 8225
6427 3214
6428 8226
6429 3215
6430 8227
6431 3216
6432 8228
6433 3217
6434 8229
6435 3218
6436 8230
6437 3219
6438 8231
6439 3220
6440 8232
6441 3221
6442 8233
6443 3222
6444 8234
6445 3223
6446 8235
6447 3224
6448 8236
6449 3225
6450 8237
6451 3226
6452 8238
6453 3227
6454 8239
6455 3228
6456 8240
6457 3229
6458 8241
6459 3230
6460 8242
6461 3231
6462 8243
6463 3232
6464 8244
6465 3233
6466 8245
6467 3234
6468 8246
6469 3235
6470 8247
6471 3236
6472 8248
6473 3237
6474 8249
6475 3238
6476 8250
6477 3239
6478 8251
6479 3240
6480 8252
6481 3241
6482 8253
6483 3242
6484 8254
6485 3243
6486 8255
6487 3244
6488 8256
6489 3245
6490 8257
6491 3246
6492 8258
6493 3247
6494 8259
6495 3248
6496 8260
6497 3249
6498 8261
6499 3250
6500 8262
6501 3251
6502 8263
6503 3252
6504 8264
6505 3253
6506 8265
6507 3254
6508 8266
6509 3255
6510 8267
6511 3256
6512 8268
6513 3257
6514 8269
6515 3258
6516 8270
6517 3259
6518 8271
6519 3260
6520 8272
6521 3261
6522 8273
6523 3262
6524 8274
6525 3263
6526 8275
6527 3264
6528 8276
6529 3265
6530 8277
6531 3266
6532 8278
6533 3267
6534 8279
6535 3268
6536 8280
6537 3269
6538 8281
6539 3270
6540 8282
6541 3271
6542 8283
6543 3272
6544 8284
6545 3273
6546 8285
6547 3274
6548 8286
6549 3275
6550 8287
6551 3276
6552 8288
6553 3277
6554 8289
6555 3278
6556 8290
6557 3279
6558 8291
6559 3280
6560 8292
6561 3281
6562 8293
6563 3282
6564 8294
6565 3283
6566 8295
6567 3284
6568 8296
6569 3285
6570 8297
6571 3286
6572 8298
6573 3287
6574 8299
6575 3288
6576 8300
6577 3289
6578 8301
6579 3290
6580 8302
6581 3291
6582 8303
6583 3292
6584 8304
6585 3293
6586 8305
6587 3294
6588 8306
6589 3295
6590 8307
6591 3296
6592 8308
6593 3297
6594 8309
6595 3298
6596 8310
6597 3299
6598 8311
6599 3300
6600 8312
6601 3301
6602 8313
6603 3302
6604 8314
6605 3303
6606 8315
6607 3304
6608 8316
6609 3305
6610 8317
6611 3306
6612 8318
6613 3307
6614 8319
6615 3308
6616 8320
6617 3309
6618 8321
6619 3310
6620 8322
6621 3311
6622 8323
6623 3312
6624 8324
6625 3313
6626 8325
6627 3314
6628 8326
6629 3315
6630 8327
6631 3316
6632 8328
6633 3317
6634 8329
6635 3318
6636 8330
6637 3319
6638 8331
6639 3320
6640 8332
6641 3321
6642 8333
6643 3322
6644 8334
6645 3323
6646 8335
6647 3324
6648 8336
6649 3325
6650 8337
6651 3326
6652 8338
6653 3327
6654 8339
6655 3328
6656 8340
6657 3329
6658 8341
6659 3330
6660 8342
6661 3331
6662 8343
6663 3332
6664 8344
6665 3333
6666 8345
6667 3334
6668 8346
6669 3335
6670 8347
6671 3336
6672 8348
6673 3337
6674 8349
6675 3338
6676 8350
6677 3339
6678 8351
6679 3340
6680 8352
6681 3341
6682 8353
6683 3342
6684 8354
6685 3343
6686 8355
6687 3344
6688 8356
6689 3345
6690 8357
6691 3346
6692 8358
6693 3347
6694 8359
6695 3348
6696 8360
6697 3349
6698 8361
6699 3350
6700 8362
6701 3351
6702 8363
6703 3352
6704 8364
6705 3353
6706 8365
6707 3354
6708 8366
6709 3355
6710 8367
6711 3356
6712 8368
6713 3357
6714 8369
6715 3358
6716 8370
6717 3359
6718 8371
6719 3360
6720 8372
6721 3361
6722 8373
6723 3362
6724 8374
6725 3363
6726 8375
6727 3364
6728 8376
6729 3365
6730 8377
6731 3366
6732 8378
6733 3367
6734 8379
6735 3368
6736 8380
6737 3369
6738 8381
6739 3370
6740 8382
6741 3371
6742 8383
6743 3372
6744 8384
6745 3373
6746 8385
6747 3374
6748 8386
6749 3375
6750 8387
6751 3376
6752 8388
6753 3377
6754 8389
6755 3378
6756 8390
6757 3379
6758 8391
6759 3380
6760 8392
6761 3381
6762 8393
6763 3382
6764 8394
6765 3383
6766 8395
6767 3384
6768 8396
6769 3385
6770 8397
6771 3386
6772 8398
6773 3387
6774 8399
6775 3388
6776 8400
6777 3389
6778 8401
6779 3390
6780 8402
6781 3391
6782 8403
6783 3392
6784 8404
6785 3393
6786 8405
6787 3394
6788 8406
6789 3395
6790 8407
6791 3396
6792 8408
6793 3397
6794 8409
6795 3398
6796 8410
6797 3399
6798 8411
6799 3400
6800 8412
6801 3401
6802 8413
6803 3402
6804 8414
6805 3403
6806 8415
6807 3404
6808 8416
6809 3405
6810 8417
6811 3406
6812 8418
6813 3407
6814 8419
6815 3408
6816 8420
6817 3409
6818 8421
6819 3410
6820 8422
6821 3411
6822 8423
6823 3412
6824 8424
6825 3413
6826 8425
6827 3414
6828 8426
6829 3415
6830 8427
6831 3416
6832 8428
6833 3417
6834 8429
6835 3418
6836 8430
6837 3419
6838 8431
6839 3420
6840 8432
6841 3421
6842 8433
6843 3422
6844 8434
6845 3423
6846 8435
6847 3424
6848 8436
6849 3425
6850 8437
6851 3426
6852 8438
6853 3427
6854 8439
6855 3428
6856 8440
6857 3429
6858 8441
6859 3430
6860 8442
6861 3431
6862 8443
6863 3432
6864 8444
6865 3433
6866 8445
6867 3434
6868 8446
6869 3435
6870 8447
6871 3436
6872 8448
6873 3437
6874 8449
6875 3438
6876 8450
6877 3439
6878 8451
6879 3440
6880 8452
6881 3441
6882 8453
6883 3442
6884 8454
6885 3443
6886 8455
6887 3444
6888 8456
6889 3445
6890 8457
6891 3446
6892 8458
6893 3447
6894 8459
6895 3448
6896 8460
6897 3449
6898 8461
6899 3450
6900 8462
6901 3451
6902 8463
6903 3452
6904 8464
6905 3453
6906 8465
6907 3454
6908 8466
6909 3455
6910 8467
6911 3456
6912 8468
6913 3457
6914 8469
6915 3458
6916 8470
6917 3459
6918 8471
6919 3460
6920 8472
6921 3461
6922 8473
6923 3462
6924 8474
6925 3463
6926 8475
6927 3464
6928 8476
6929 3465
6930 8477
6931 3466
6932 8478
6933 3467
6934 8479
6935 3468
6936 8480
6937 3469
6938 8481
6939 3470
6940 8482
6941 3471
6942 8483
6943 3472
6944 8484
6945 3473
6946 8485
6947 3474
6948 8486
6949 3475
6950 8487
6951 3476
6952 8488
6953 3477
6954 8489
6955 3478
6956 8490
6957 3479
6958 8491
6959 3480
6960 8492
6961 3481
6962 8493
6963 3482
6964 8494
6965 3483
6966 8495
6967 3484
6968 8496
6969 3485
6970 8497
6971 3486
6972 8498
6973 3487
6974 8499
6975 3488
6976 8500
6977 3489
6978 8501
6979 3490
6980 8502
6981 3491
6982 8503
6983 3492
6984 8504
6985 3493
6986 8505
6987 3494
6988 8506
6989 3495
6990 8507
6991 3496
6992 8508
6993 3497
6994 8509
6995 3498
6996 8510
6997 3499
6998 8511
6999 3500
7000 8512
7001 3501
7002 8513
7003 3502
7004 8514
7005 3503
7006 8515
7007 3504
7008 8516
7009 3505
7010 8517
7011 3506
7012 8518
7013 3507
7014 8519
7015 3508
7016 8520
7017 3509
7018 8521
7019 3510
7020 8522
7021 3511
7022 8523
7023 3512
7024 8524
7025 3513
7026 8525
7027 3514
7028 8526
7029 3515
7030 8527
7031 3516
7032 8528
7033 3517
7034 8529
7035 3518
7036 8530
7037 3519
7038 8531
7039 3520
7040 8532
7041 3521
7042 8533
7043 3522
7044 8534
7045 3523
7046 8535
7047 3524
7048 8536
7049 3525
7050 8537
7051 3526
7052 8538
7053 3527
7054 8539
7055 3528
7056 8540
7057 3529
7058 8541
7059 3530
7060 8542
7061 3531
7062 8543
7063 3532
7064 8544
7065 3533
7066 8545
7067 3534
7068 8546
7069 3535
7070 8547
7071 3536
7072 8548
7073 3537
7074 8549
7075 3538
7076 8550
7077 3539
7078 8551
7079 3540
7080 8552
7081 3541
7082 8553
7083 3542
7084 8554
7085 3543
7086 8555
7087 3544
7088 8556
7089 3545
7090 8557
7091 3546
7092 8558
7093 3547
7094 8559
7095 3548
7096 8560
7097 3549
7098 8561
7099 3550
7100 8562
7101 3551
7102 8563
7103 3552
7104 8564
7105 3553
7106 8565
7107 3554
7108 8566
7109 3555
7110 8567
7111 3556
7112 8568
7113 3557
7114 8569
7115 3558
7116 8570
7117 3559
7118 8571
7119 3560
7120 8572
7121 3561
7122 8573
7123 3562
7124 8574
7125 3563
7126 8575
7127 3564
7128 8576
7129 3565
7130 8577
7131 3566
7132 8578
7133 3567
7134 8579
7135 3568
7136 8580
7137 3569
7138 8581
7139 3570
7140 8582
7141 3571
7142 8583
7143 3572
7144 8584
7145 3573
7146 8585
7147 3574
7148 8586
7149 3575
7150 8587
7151 3576
7152 8588
7153 3577
7154 8589
7155 3578
7156 8590
7157 3579
7158 8591
7159 3580
7160 8592
7161 3581
7162 8593
7163 3582
7164 8594
7165 3583
7166 8595
7167 3584
7168 8596
7169 3585
7170 8597
7171 3586
7172 8598
7173 3587
7174 8599
7175 3588
7176 8600
7177 3589
7178 8601
7179 3590
7180 8602
7181 3591
7182 8603
7183 3592
7184 8604
7185 3593
7186 8605
7187 3594
7188 8606
7189 3595
7190 8607
7191 3596
7192 8608
7193 3597
7194 8609
7195 3598
7196 8610
7197 3599
7198 8611
7199 3600
7200 8612
7201 3601
7202 8613
7203 3602
7204 8614
7205 3603
7206 8615
7207 3604
7208 8616
7209 3605
7210 8617
7211 3606
7212 8618
7213 3607
7214 8619
7215 3608
7216 8620
7217 3609
7218 8621
7219 3610
7220 8622
7221 3611
7222 8623
7223 3612
7224 8624
7225 3613
7226 8625
7227 3614
7228 8626
7229 3615
7230 8627
7231 3616
7232 8628
7233 3617
7234 8629
7235 3618
7236 8630
7237 3619
7238 8631
7239 3620
7240 8632
7241 3621
7242 8633
7243 3622
7244 8634
7245 3623
7246 8635
7247 3624
7248 8636
7249 3625
7250 8637
7251 3626
7252 8638
7253 3627
7254 8639
7255 3628
7256 8640
7257 3629
7258 8641
7259 3630
7260 8642
7261 3631
7262 8643
7263 3632
7264 8644
7265 3633
7266 8645
7267 3634
7268 8646
7269 3635
7270 8647
7271 3636
7272 8648
7273 3637
7274 8649
7275 3638
7276 8650
7277 3639
7278 8651
7279 3640
7280 8652
7281 3641
7282 8653
7283 3642
7284 8654
7285 3643
7286 8655
7287 3644
7288 8656
7289 3645
7290 8657
7291 3646
7292 8658
7293 3647
7294 8659
7295 3648
7296 8660
7297 3649
7298 8661
7299 3650
7300 8662
7301 3651
7302 8663
7303 3652
7304 8664
7305 3653
7306 8665
7307 3654
7308 8666
7309 3655
7310 8667
7311 3656
7312 8668
7313 3657
7314 8669
7315 3658
7316 8670
7317 3659
7318 8671
7319 3660
7320 8672
7321 3661
7322 8673
7323 3662
7324 8674
7325 3663
7326 8675
7327 3664
7328 8676
7329 3665
7330 8677
7331 3666
7332 8678
7333 3667
7334 8679
7335 3668
7336 8680
7337 3669
7338 8681
7339 3670
7340 8682
7341 3671
7342 8683
7343 3672
7344 8684
7345 3673
7346 8685
7347 3674
7348 8686
7349 3675
7350 8687
7351 3676
7352 8688
7353 3677
7354 8689
7355 3678
7356 8690
7357 3679
7358 8691
7359 3680
7360 8692
7361 3681
7362 8693
7363 3682
7364 8694
7365 3683
7366 8695
7367 3684
7368 8696
7369 3685
7370 8697
7371 3686
7372 8698
7373 3687
7374 8699
7375 3688
7376 8700
7377 3689
7378 8701
7379 3690
7380 8702
7381 3691
7382 8703
7383 3692
7384 8704
7385 3693
7386 8705
7387 3694
7388 8706
7389 3695
7390 8707
7391 3696
7392 8708
7393 3697
7394 8709
7395 3698
7396 8710
7397 3699
7398 8711
7399 3700
7400 8712
7401 3701
7402 8713
7403 3702
7404 8714
7405 3703
7406 8715
7407 3704
7408 8716
7409 3705
7410 8717
7411 3706
7412 8718
7413 3707
7414 8719
7415 3708
7416 8720
7417 3709
7418 8721
7419 3710
7420 8722
7421 3711
7422 8723
7423 3712
7424 8724
7425 3713
7426 8725
7427 3714
7428 8726
7429 3715
7430 8727
7431 3716
7432 8728
7433 3717
7434 8729
7435 3718
7436 8730
7437 3719
7438 8731
7439 3720
7440 8732
7441 3721
7442 8733
7443 3722
7444 8734
7445 3723
7446 8735
7447 3724
7448 8736
7449 3725
7450 8737
7451 3726
7452 8738
7453 3727
7454 8739
7455 3728
7456 8740
7457 3729
7458 8741
7459 3730
7460 8742
7461 3731
7462 8743
7463 3732
7464 8744
7465 3733
7466 8745
7467 3734
7468 8746
7469 3735
7470 8747
7471 3736
7472 8748
7473 3737
7474 8749
7475 3738
7476 8750
7477 3739
7478 8751
7479 3740
7480 8752
7481 3741
7482 8753
7483 3742
7484 8754
7485 3743
7486 8755
7487 3744
7488 8756
7489 3745
7490 8757
7491 3746
7492 8758
7493 3747
7494 8759
7495 3748
7496 8760
7497 3749
7498 8761
7499 3750
7500 8762
7501 3751
7502 8763
7503 3752
7504 8764
7505 3753
7506 8765
7507 3754
7508 8766
7509 3755
7510 8767
7511 3756
7512 8768
7513 3757
7514 8769
7515 3758
7516 8770
7517 3759
7518 8771
7519 3760
7520 8772
7521 3761
7522 8773
7523 3762
7524 8774
7525 3763
7526 8775
7527 3764
7528 8776
7529 3765
7530 8777
7531 3766
7532 8778
7533 3767
7534 8779
7535 3768
7536 8780
7537 3769
7538 8781
7539 3770
7540 8782
7541 3771
7542 8783
7543 3772
7544 8784
7545 3773
7546 8785
7547 3774
7548 8786
7549 3775
7550 8787
7551 3776
7552 8788
7553 3777
7554 8789
7555 3778
7556 8790
7557 3779
7558 8791
7559 3780
7560 8792
7561 3781
7562 8793
7563 3782
7564 8794
7565 3783
7566 8795
7567 3784
7568 8796
7569 3785
7570 8797
7571 3786
7572 8798
7573 3787
7574 8799
7575 3788
7576 8800
7577 3789
7578 8801
7579 3790
7580 8802
7581 3791
7582 8803
7583 3792
7584 8804
7585 3793
7586 8805
7587 3794
7588 8806
7589 3795
7590 8807
7591 3796
7592 8808
7593 3797
7594 8809
7595 3798
7596 8810
7597 3799
7598 8811
7599 3800
7600 8812
7601 3801
7602 8813
7603 3802
7604 8814
7605 3803
7606 8815
7607 3804
7608 8816
7609 3805
7610 8817
7611 3806
7612 8818
7613 3807
7614 8819
7615 3808
7616 8820
7617 3809
7618 8821
7619 3810
7620 8822
7621 3811
7622 8823
7623 3812
7624 8824
7625 3813
7626 8825
7627 3814
7628 8826
7629 3815
7630 8827
7631 3816
7632 8828
7633 3817
7634 8829
7635 3818
7636 8830
7637 3819
7638 8831
7639 3820
7640 8832
7641 3821
7642 8833
7643 3822
7644 8834
7645 3823
7646 8835
7647 3824
7648 8836
7649 3825
7650 8837
7651 3826
7652 8838
7653 3827
7654 8839
7655 3828
7656 8840
7657 3829
7658 8841
7659 3830
7660 8842
7661 3831
7662 8843
7663 3832
7664 8844
7665 3833
7666 8845
7667 3834
7668 8846
7669 3835
7670 8847
7671 3836
7672 8848
7673 3837
7674 8849
7675 3838
7676 8850
7677 3839
7678 8851
7679 3840
7680 8852
7681 3841
7682 8853
7683 3842
7684 8854
7685 3843
7686 8855
7687 3844
7688 8856
7689 3845
7690 8857
7691 3846
7692 8858
7693 3847
7694 8859
7695 3848
7696 8860
7697 3849
7698 8861
7699 3850
7700 8862
7701 3851
7702 8863
7703 3852
7704 8864
7705 3853
7706 8865
7707 3854
7708 8866
7709 3855
7710 8867
7711 3856
7712 8868
7713 3857
7714 8869
7715 3858
7716 8870
7717 3859
7718 8871
7719 3860
7720 8872
7721 3861
7722 8873
7723 3862
7724 8874
7725 3863
7726 8875
7727 3864
7728 8876
7729 3865
7730 8877
7731 3866
7732 8878
7733 3867
7734 8879
7735 3868
7736 8880
7737 3869
7738 8881
7739 3870
7740 8882
7741 3871
7742 8883
7743 3872
7744 8884
7745 3873
7746 8885
7747 3874
7748 8886
7749 3875
7750 8887
7751 3876
7752 8888
7753 3877
7754 8889
7755 3878
7756 8890
7757 3879
7758 8891
7759 3880
7760 8892
7761 3881
7762 8893
7763 3882
7764 8894
7765 3883
7766 8895
7767 3884
7768 8896
7769 3885
7770 8897
7771 3886
7772 8898
7773 3887
7774 8899
7775 3888
7776 8900
7777 3889
7778 8901
7779 3890
7780 8902
7781 3891
7782 8903
7783 3892
7784 8904
7785 3893
7786 8905
7787 3894
7788 8906
7789 3895
7790 8907
7791 3896
7792 8908
7793 3897
7794 8909
7795 3898
7796 8910
7797 3899
7798 8911
7799 3900
7800 8912
7801 3901
7802 8913
7803 3902
7804 8914
7805 3903
7806 8915
7807 3904
7808 8916
7809 3905
7810 8917
7811 3906
7812 8918
7813 3907
7814 8919
7815 3908
7816 8920
7817 3909
7818 8921
7819 3910
7820 8922
7821 3911
7822 8923
7823 3912
7824 8924
7825 3913
7826 8925
7827 3914
7828 8926
7829 3915
7830 8927
7831 3916
7832 8928
7833 3917
7834 8929
7835 3918
7836 8930
7837 3919
7838 8931
7839 3920
7840 8932
7841 3921
7842 8933
7843 3922
7844 8934
7845 3923
7846 8935
7847 3924
7848 8936
7849 3925
7850 8937
7851 3926
7852 8938
7853 3927
7854 8939
7855 3928
7856 8940
7857 3929
7858 8941
7859 3930
7860 8942
7861 3931
7862 8943
7863 3932
7864 8944
7865 3933
7866 8945
7867 3934
7868 8946
7869 3935
7870 8947
7871 3936
7872 8948
7873 3937
7874 8949
7875 3938
7876 8950
7877 3939
7878 8951
7879 3940
7880 8952
7881 3941
7882 8953
7883 3942
7884 8954
7885 3943
7886 8955
7887 3944
7888 8956
7889 3945
7890 8957
7891 3946
7892 8958
7893 3947
7894 8959
7895 3948
7896 8960
7897 3949
7898 8961
7899 3950
7900 8962
7901 3951
7902 8963
7903 3952
7904 8964
7905 3953
7906 8965
7907 3954
7908 8966
7909 3955
7910 8967
7911 3956
7912 8968
7913 3957
7914 8969
7915 3958
7916 8970
7917 3959
7918 8971
7919 3960
7920 8972
7921 3961
7922 8973
7923 3962
7924 8974
7925 3963
7926 8975
7927 3964
7928 8976
7929 3965
7930 8977
7931 3966
7932 8978
7933 3967
7934 8979
7935 3968
7936 8980
7937 3969
7938 8981
7939 3970
7940 8982
7941 3971
7942 8983
7943 3972
7944 8984
7945 3973
7946 8985
7947 3974
7948 8986
7949 3975
7950 8987
7951 3976
7952 8988
7953 3977
7954 8989
7955 3978
7956 8990
7957 3979
7958 8991
7959 3980
7960 8992
7961 3981
7962 8993
7963 3982
7964 8994
7965 3983
7966 8995
7967 3984
7968 8996
7969 3985
7970 8997
7971 3986
7972 8998
7973 3987
7974 8999
7975 3988
7976 9000
7977 3989
7978 9001
7979 3990
7980 9002
7981 3991
7982 9003
7983 3992
7984 9004
7985 3993
7986 9005
7987 3994
7988 9006
7989 3995
7990 9007
7991 3996
7992 9008
7993 3997
7994 9009
7995 3998
7996 9010
7997 3999
7998 9011
7999 4000
8000 9012
8001 4001
8002 9013
8003 4002
8004 9014
8005 4003
8006 9015
8007 4004
8008 9016
8009 4005
8010 9017
8011 4006
8012 9018
8013 4007
8014 9019
8015 4008
8016 9020
8017 4009
8018 9021
8019 4010
8020 9022
8021 4011
8022 9023
8023 4012
8024 9024
8025 4013
8026 9025
8027 4014
8028 9026
8029 4015
8030 9027
8031 4016
8032 9028
8033 4017
8034 9029
8035 4018
8036 9030
8037 4019
8038 9031
8039 4020
8040 9032
8041 4021
8042 9033
8043 4022
8044 9034
8045 4023
8046 9035
8047 4024
8048 9036
8049 4025
8050 9037
8051 4026
8052 9038
8053 4027
8054 9039
8055 4028
8056 9040
8057 4029
8058 9041
8059 4030
8060 9042
8061 4031
8062 9043
8063 4032
8064 9044
8065 4033
8066 9045
8067 4034
8068 9046
8069 4035
8070 9047
8071 4036
8072 9048
8073 4037
8074 9049
8075 4038
8076 9050
8077 4039
8078 9051
8079 4040
8080 9052
8081 4041
8082 9053
8083 4042
8084 9054
8085 4043
8086 9055
8087 4044
8088 9056
8089 4045
8090 9057
8091 4046
8092 9058
8093 4047
8094 9059
8095 4048
8096 9060
8097 4049
8098 9061
8099 4050
8100 9062
8101 4051
8102 9063
8103 4052
8104 9064
8105 4053
8106 9065
8107 4054
8108 9066
8109 4055
8110 9067
8111 4056
8112 9068
8113 4057
8114 9069
8115 4058
8116 9070
8117 4059
8118 9071
8119 4060
8120 9072
8121 4061
8122 9073
8123 4062
8124 9074
8125 4063
8126 9075
8127 4064
8128 9076
8129 4065
8130 9077
8131 4066
8132 9078
8133 4067
8134 9079
8135 4068
8136 9080
8137 4069
8138 9081
8139 4070
8140 9082
8141 4071
8142 9083
8143 4072
8144 9084
8145 4073
8146 9085
8147 4074
8148 9086
8149 4075
8150 9087
8151 4076
8152 9088
8153 4077
8154 9089
8155 4078
8156 9090
8157 4079
8158 9091
8159 4080
8160 9092
8161 4081
8162 9093
8163 4082
8164 9094
8165 4083
8166 9095
8167 4084
8168 9096
8169 4085
8170 9097
8171 4086
8172 9098
8173 4087
8174 9099
8175 4088
8176 9100
8177 4089
8178 9101
8179 4090
8180 9102
8181 4091
8182 9103
8183 4092
8184 9104
8185 4093
8186 9105
8187 4094
8188 9106
8189 4095
8190 9107
8191 4096
8192 9108
8193 4097
8194 9109
8195 4098
8196 9110
8197 4099
8198 9111
8199 4100
8200 9112
8201 4101
8202 9113
8203 4102
8204 9114
8205 4103
8206 9115
8207 4104
8208 9116
8209 4105
8210 9117
8211 4106
8212 9118
8213 4107
8214 9119
8215 4108
8216 9120
8217 4109
8218 9121
8219 4110
8220 9122
8221 4111
8222 9123
8223 4112
8224 9124
8225 4113
8226 9125
8227 4114
8228 9126
8229 4115
8230 9127
8231 4116
8232 9128
8233 4117
8234 9129
8235 4118
8236 9130
8237 4119
8238 9131
8239 4120
8240 9132
8241 4121
8242 9133
8243 4122
8244 9134
8245 4123
8246 9135
8247 4124
8248 9136
8249 4125
8250 9137
8251 4126
8252 9138
8253 4127
8254 9139
8255 4128
8256 9140
8257 4129
8258 9141
8259 4130
8260 9142
8261 4131
8262 9143
8263 4132
8264 9144
8265 4133
8266 9145
8267 4134
8268 9146
8269 4135
8270 9147
8271 4136
8272 9148
8273 4137
8274 9149
8275 4138
8276 9150
8277 4139
8278 9151
8279 4140
8280 9152
8281 4141
8282 9153
8283 4142
8284 9154
8285 4143
8286 9155
8287 4144
8288 9156
8289 4145
8290 9157
8291 4146
8292 9158
8293 4147
8294 9159
8295 4148
8296 9160
8297 4149
8298 9161
8299 4150
8300 9162
8301 4151
8302 9163
8303 4152
8304 9164
8305 4153
8306 9165
8307 4154
8308 9166
8309 4155
8310 9167
8311 4156
8312 9168
8313 4157
8314 9169
8315 4158
8316 9170
8317 4159
8318 9171
8319 4160
8320 9172
8321 4161
8322 9173
8323 4162
8324 9174
8325 4163
8326 9175
8327 4164
8328 9176
8329 4165
8330 9177
8331 4166
8332 9178
8333 4167
8334 9179
8335 4168
8336 9180
8337 4169
8338 9181
8339 4170
8340 9182
8341 4171
8342 9183
8343 4172
8344 9184
8345 4173
8346 9185
8347 4174
8348 9186
8349 4175
8350 9187
8351 4176
8352 9188
8353 4177
8354 9189
8355 4178
8356 9190
8357 4179
8358 9191
8359 4180
8360 9192
8361 4181
8362 9193
8363 4182
8364 9194
8365 4183
8366 9195
8367 4184
8368 9196
8369 4185
8370 9197
8371 4186
8372 9198
8373 4187
8374 9199
8375 4188
8376 9200
8377 4189
8378 9201
8379 4190
8380 9202
8381 4191
8382 9203
8383 4192
8384 9204
8385 4193
8386 9205
8387 4194
8388 9206
8389 4195
8390 9207
8391 4196
8392 9208
8393 4197
8394 9209
8395 4198
8396 9210
8397 4199
8398 9211
8399 4200
8400 9212
8401 4201
8402 9213
8403 4202
8404 9214
8405 4203
8406 9215
8407 4204
8408 9216
8409 4205
8410 9217
8411 4206
8412 9218
8413 4207
8414 9219
8415 4208
8416 9220
8417 4209
8418 9221
8419 4210
8420 9222
8421 4211
8422 9223
8423 4212
8424 9224
8425 4213
8426 9225
8427 4214
8428 9226
8429 4215
8430 9227
8431 4216
8432 9228
8433 4217
8434 9229
8435 4218
8436 9230
8437 4219
8438 9231
8439 4220
8440 9232
8441 4221
8442 9233
8443 4222
8444 9234
8445 4223
8446 9235
8447 4224
8448 9236
8449 4225
8450 9237
8451 4226
8452 9238
8453 4227
8454 9239
8455 4228
8456 9240
8457 4229
8458 9241
8459 4230
8460 9242
8461 4231
8462 9243
8463 4232
8464 9244
8465 4233
8466 9245
8467 4234
8468 9246
8469 4235
8470 9247
8471 4236
8472 9248
8473 4237
8474 9249
8475 4238
8476 9250
8477 4239
8478 9251
8479 4240
8480 9252
8481 4241
8482 9253
8483 4242
8484 9254
8485 4243
8486 9255
8487 4244
8488 9256
8489 4245
8490 9257
8491 4246
8492 9258
8493 4247
8494 9259
8495 4248
8496 9260
8497 4249
8498 9261
8499 4250
8500 9262
8501 4251
8502 9263
8503 4252
8504 9264
8505 4253
8506 9265
8507 4254
8508 9266
8509 4255
8510 9267
8511 4256
8512 9268
8513 4257
8514 9269
8515 4258
8516 9270
8517 4259
8518 9271
8519 4260
8520 9272
8521 4261
8522 9273
8523 4262
8524 9274
8525 4263
8526 9275
8527 4264
8528 9276
8529 4265
8530 9277
8531 4266
8532 9278
8533 4267
8534 9279
8535 4268
8536 9280
8537 4269
8538 9281
8539 4270
8540 9282
8541 4271
8542 9283
8543 4272
8544 9284
8545 4273
8546 9285
8547 4274
8548 9286
8549 4275
8550 9287
8551 4276
8552 9288
8553 4277
8554 9289
8555 4278
8556 9290
8557 4279
8558 9291
8559 4280
8560 9292
8561 4281
8562 9293
8563 4282
8564 9294
8565 4283
8566 9295
8567 4284
8568 9296
8569 4285
8570 9297
8571 4286
8572 9298
8573 4287
8574 9299
8575 4288
8576 9300
8577 4289
8578 9301
8579 4290
8580 9302
8581 4291
8582 9303
8583 4292
8584 9304
8585 4293
8586 9305
8587 4294
8588 9306
8589 4295
8590 9307
8591 4296
8592 9308
8593 4297
8594 9309
8595 4298
8596 9310
8597 4299
8598 9311
8599 4300
8600 9312
8601 4301
8602 9313
8603 4302
8604 9314
8605 4303
8606 9315
8607 4304
8608 9316
8609 4305
8610 9317
8611 4306
8612 9318
8613 4307
8614 9319
8615 4308
8616 9320
8617 4309
8618 9321
8619 4310
8620 9322
8621 4311
8622 9323
8623 4312
8624 9324
8625 4313
8626 9325
8627 4314
8628 9326
8629 4315
8630 9327
8631 4316
8632 9328
8633 4317
8634 9329
8635 4318
8636 9330
8637 4319
8638 9331
8639 4320
8640 9332
8641 4321
8642 9333
8643 4322
8644 9334
8645 4323
8646 9335
8647 4324
8648 9336
8649 4325
8650 9337
8651 4326
8652 9338
8653 4327
8654 9339
8655 4328
8656 9340
8657 4329
8658 9341
8659 4330
8660 9342
8661 4331
8662 9343
8663 4332
8664 9344
8665 4333
8666 9345
8667 4334
8668 9346
8669 4335
8670 9347
8671 4336
8672 9348
8673 4337
8674 9349
8675 4338
8676 9350
8677 4339
8678 9351
8679 4340
8680 9352
8681 4341
8682 9353
8683 4342
8684 9354
8685 4343
8686 9355
8687 4344
8688 9356
8689 4345
8690 9357
8691 4346
8692 9358
8693 4347
8694 9359
8695 4348
8696 9360
8697 4349
8698 9361
8699 4350
8700 9362
8701 4351
8702 9363
8703 4352
8704 9364
8705 4353
8706 9365
8707 4354
8708 9366
8709 4355
8710 9367
8711 4356
8712 9368
8713 4357
8714 9369
8715 4358
8716 9370
8717 4359
8718 9371
8719 4360
8720 9372
8721 4361
8722 9373
8723 4362
8724 9374
8725 4363
8726 9375
8727 4364
8728 9376
8729 4365
8730 9377
8731 4366
8732 9378
8733 4367
8734 9379
8735 4368
8736 9380
8737 4369
8738 9381
8739 4370
8740 9382
8741 4371
8742 9383
8743 4372
8744 9384
8745 4373
8746 9385
8747 4374
8748 9386
8749 4375
8750 9387
8751 4376
8752 9388
8753 4377
8754 9389
8755 4378
8756 9390
8757 4379
8758 9391
8759 4380
8760 9392
8761 4381
8762 9393
8763 4382
8764 9394
8765 4383
8766 9395
8767 4384
8768 9396
8769 4385
8770 9397
8771 4386
8772 9398
8773 4387
8774 9399
8775 4388
8776 9400
8777 4389
8778 9401
8779 4390
8780 9402
8781 4391
8782 9403
8783 4392
8784 9404
8785 4393
8786 9405
8787 4394
8788 9406
8789 4395
8790 9407
8791 4396
8792 9408
8793 4397
8794 9409
8795 4398
8796 9410
8797 4399
8798 9411
8799 4400
8800 9412
8801 4401
8802 9413
8803 4402
8804 9414
8805 4403
8806 9415
8807 4404
8808 9416
8809 4405
8810 9417
8811 4406
8812 9418
8813 4407
8814 9419
8815 4408
8816 9420
8817 4409
8818 9421
8819 4410
8820 9422
8821 4411
8822 9423
8823 4412
8824 9424
8825 4413
8826 9425
8827 4414
8828 9426
8829 4415
8830 9427
8831 4416
8832 9428
8833 4417
8834 9429
8835 4418
8836 9430
8837 4419
8838 9431
8839 4420
8840 9432
8841 4421
8842 9433
8843 4422
8844 9434
8845 4423
8846 9435
8847 4424
8848 9436
8849 4425
8850 9437
8851 4426
8852 9438
8853 4427
8854 9439
8855 4428
8856 9440
8857 4429
8858 9441
8859 4430
8860 9442
8861 4431
8862 9443
8863 4432
8864 9444
8865 4433
8866 9445
8867 4434
8868 9446
8869 4435
8870 9447
8871 4436
8872 9448
8873 4437
8874 9449
8875 4438
8876 9450
8877 4439
8878 9451
8879 4440
8880 9452
8881 4441
8882 9453
8883 4442
8884 9454
8885 4443
8886 9455
8887 4444
8888 9456
8889 4445
8890 9457
8891 4446
8892 9458
8893 4447
8894 9459
8895 4448
8896 9460
8897 4449
8898 9461
8899 4450
8900 9462
8901 4451
8902 9463
8903 4452
8904 9464
8905 4453
8906 9465
8907 4454
8908 9466
8909 4455
8910 9467
8911 4456
8912 9468
8913 4457
8914 9469
8915 4458
8916 9470
8917 4459
8918 9471
8919 4460
8920 9472
8921 4461
8922 9473
8923 4462
8924 9474
8925 4463
8926 9475
8927 4464
8928 9476
8929 4465
8930 9477
8931 4466
8932 9478
8933 4467
8934 9479
8935 4468
8936 9480
8937 4469
8938 9481
8939 4470
8940 9482
8941 4471
8942 9483
8943 4472
8944 9484
8945 4473
8946 9485
8947 4474
8948 9486
8949 4475
8950 9487
8951 4476
8952 9488
8953 4477
8954 9489
8955 4478
8956 9490
8957 4479
8958 9491
8959 4480
8960 9492
8961 4481
8962 9493
8963 4482
8964 9494
8965 4483
8966 9495
8967 4484
8968 9496
8969 4485
8970 9497
8971 4486
8972 9498
8973 4487
8974 9499
8975 4488
8976 9500
8977 4489
8978 9501
8979 4490
8980 9502
8981 4491
8982 9503
8983 4492
8984 9504
8985 4493
8986 9505
8987 4494
8988 9506
8989 4495
8990 9507
8991 4496
8992 9508
8993 4497
8994 9509
8995 4498
8996 9510
8997 4499
8998 9511
8999 4500
9000 9512
9001 4501
9002 9513
9003 4502
9004 9514
9005 4503
9006 9515
9007 4504
9008 9516
9009 4505
9010 9517
9011 4506
9012 9518
9013 4507
9014 9519
9015 4508
9016 9520
9017 4509
9018 9521
9019 4510
9020 9522
9021 4511
9022 9523
9023 4512
9024 9524
9025 4513
9026 9525
9027 4514
9028 9526
9029 4515
9030 9527
9031 4516
9032 9528
9033 4517
9034 9529
9035 4518
9036 9530
9037 4519
9038 9531
9039 4520
9040 9532
9041 4521
9042 9533
9043 4522
9044 9534
9045 4523
9046 9535
9047 4524
9048 9536
9049 4525
9050 9537
9051 4526
9052 9538
9053 4527
9054 9539
9055 4528
9056 9540
9057 4529
9058 9541
9059 4530
9060 9542
9061 4531
9062 9543
9063 4532
9064 9544
9065 4533
9066 9545
9067 4534
9068 9546
9069 4535
9070 9547
9071 4536
9072 9548
9073 4537
9074 9549
9075 4538
9076 9550
9077 4539
9078 9551
9079 4540
9080 9552
9081 4541
9082 9553
9083 4542
9084 9554
9085 4543
9086 9555
9087 4544
9088 9556
9089 4545
9090 9557
9091 4546
9092 9558
9093 4547
9094 9559
9095 4548
9096 9560
9097 4549
9098 9561
9099 4550
9100 9562
9101 4551
9102 9563
9103 4552
9104 9564
9105 4553
9106 9565
9107 4554
9108 9566
9109 4555
9110 9567
9111 4556
9112 9568
9113 4557
9114 9569
9115 4558
9116 9570
9117 4559
9118 9571
9119 4560
9120 9572
9121 4561
9122 9573
9123 4562
9124 9574
9125 4563
9126 9575
9127 4564
9128 9576
9129 4565
9130 9577
9131 4566
9132 9578
9133 4567
9134 9579
9135 4568
9136 9580
9137 4569
9138 9581
9139 4570
9140 9582
9141 4571
9142 9583
9143 4572
9144 9584
9145 4573
9146 9585
9147 4574
9148 9586
9149 4575
9150 9587
9151 4576
9152 9588
9153 4577
9154 9589
9155 4578
9156 9590
9157 4579
9158 9591
9159 4580
9160 9592
9161 4581
9162 9593
9163 4582
9164 9594
9165 4583
9166 9595
9167 4584
9168 9596
9169 4585
9170 9597
9171 4586
9172 9598
9173 4587
9174 9599
9175 4588
9176 9600
9177 4589
9178 9601
9179 4590
9180 9602
9181 4591
9182 9603
9183 4592
9184 9604
9185 4593
9186 9605
9187 4594
9188 9606
9189 4595
9190 9607
9191 4596
9192 9608
9193 4597
9194 9609
9195 4598
9196 9610
9197 4599
9198 9611
9199 4600
9200 9612
9201 4601
9202 9613
9203 4602
9204 9614
9205 4603
9206 9615
9207 4604
9208 9616
9209 4605
9210 9617
9211 4606
9212 9618
9213 4607
9214 9619
9215 4608
9216 9620
9217 4609
9218 9621
9219 4610
9220 9622
9221 4611
9222 9623
9223 4612
9224 9624
9225 4613
9226 9625
9227 4614
9228 9626
9229 4615
9230 9627
9231 4616
9232 9628
9233 4617
9234 9629
9235 4618
9236 9630
9237 4619
9238 9631
9239 4620
9240 9632
9241 4621
9242 9633
9243 4622
9244 9634
9245 4623
9246 9635
9247 4624
9248 9636
9249 4625
9250 9637
9251 4626
9252 9638
9253 4627
9254 9639
9255 4628
9256 9640
9257 4629
9258 9641
9259 4630
9260 9642
9261 4631
9262 9643
9263 4632
9264 9644
9265 4633
9266 9645
9267 4634
9268 9646
9269 4635
9270 9647
9271 4636
9272 9648
9273 4637
9274 9649
9275 4638
9276 9650
9277 4639
9278 9651
9279 4640
9280 9652
9281 4641
9282 9653
9283 4642
9284 9654
9285 4643
9286 9655
9287 4644
9288 9656
9289 4645
9290 9657
9291 4646
9292 9658
9293 4647
9294 9659
9295 4648
9296 9660
9297 4649
9298 9661
9299 4650
9300 9662
9301 4651
9302 9663
9303 4652
9304 9664
9305 4653
9306 9665
9307 4654
9308 9666
9309 4655
9310 9667
9311 4656
9312 9668
9313 4657
9314 9669
9315 4658
9316 9670
9317 4659
9318 9671
9319 4660
9320 9672
9321 4661
9322 9673
9323 4662
9324 9674
9325 4663
9326 9675
9327 4664
9328 9676
9329 4665
9330 9677
9331 4666
9332 9678
9333 4667
9334 9679
9335 4668
9336 9680
9337 4669
9338 9681
9339 4670
9340 9682
9341 4671
9342 9683
9343 4672
9344 9684
9345 4673
9346 9685
9347 4674
9348 9686
9349 4675
9350 9687
9351 4676
9352 9688
9353 4677
9354 9689
9355 4678
9356 9690
9357 4679
9358 9691
9359 4680
9360 9692
9361 4681
9362 9693
9363 4682
9364 9694
9365 4683
9366 9695
9367 4684
9368 9696
9369 4685
9370 9697
9371 4686
9372 9698
9373 4687
9374 9699
9375 4688
9376 9700
9377 4689
9378 9701
9379 4690
9380 9702
9381 4691
9382 9703
9383 4692
9384 9704
9385 4693
9386 9705
9387 4694
9388 9706
9389 4695
9390 9707
9391 4696
9392 9708
9393 4697
9394 9709
9395 4698
9396 9710
9397 4699
9398 9711
9399 4700
9400 9712
9401 4701
9402 9713
9403 4702
9404 9714
9405 4703
9406 9715
9407 4704
9408 9716
9409 4705
9410 9717
9411 4706
9412 9718
9413 4707
9414 9719
9415 4708
9416 9720
9417 4709
9418 9721
9419 4710
9420 9722
9421 4711
9422 9723
9423 4712
9424 9724
9425 4713
9426 9725
9427 4714
9428 9726
9429 4715
9430 9727
9431 4716
9432 9728
9433 4717
9434 9729
9435 4718
9436 9730
9437 4719
9438 9731
9439 4720
9440 9732
9441 4721
9442 9733
9443 4722
9444 9734
9445 4723
9446 9735
9447 4724
9448 9736
9449 4725
9450 9737
9451 4726
9452 9738
9453 4727
9454 9739
9455 4728
9456 9740
9457 4729
9458 9741
9459 4730
9460 9742
9461 4731
9462 9743
9463 4732
9464 9744
9465 4733
9466 9745
9467 4734
9468 9746
9469 4735
9470 9747
9471 4736
9472 9748
9473 4737
9474 9749
9475 4738
9476 9750
9477 4739
9478 9751
9479 4740
9480 9752
9481 4741
9482 9753
9483 4742
9484 9754
9485 4743
9486 9755
9487 4744
9488 9756
9489 4745
9490 9757
9491 4746
9492 9758
9493 4747
9494 9759
9495 4748
9496 9760
9497 4749
9498 9761
9499 4750
9500 9762
9501 4751
9502 9763
9503 4752
9504 9764
9505 4753
9506 9765
9507 4754
9508 9766
9509 4755
9510 9767
9511 4756
9512 9768
9513 4757
9514 9769
9515 4758
9516 9770
9517 4759
9518 9771
9519 4760
9520 9772
9521 4761
9522 9773
9523 4762
9524 9774
9525 4763
9526 9775
9527 4764
9528 9776
9529 4765
9530 9777
9531 4766
9532 9778
9533 4767
9534 9779
9535 4768
9536 9780
9537 4769
9538 9781
9539 4770
9540 9782
9541 4771
9542 9783
9543 4772
9544 9784
9545 4773
9546 9785
9547 4774
9548 9786
9549 4775
9550 9787
9551 4776
9552 9788
9553 4777
9554 9789
9555 4778
9556 9790
9557 4779
9558 9791
9559 4780
9560 9792
9561 4781
9562 9793
9563 4782
9564 9794
9565 4783
9566 9795
9567 4784
9568 9796
9569 4785
9570 9797
9571 4786
9572 9798
9573 4787
9574 9799
9575 4788
9576 9800
9577 4789
9578 9801
9579 4790
9580 9802
9581 4791
9582 9803
9583 4792
9584 9804
9585 4793
9586 9805
9587 4794
9588 9806
9589 4795
9590 9807
9591 4796
9592 9808
9593 4797
9594 9809
9595 4798
9596 9810
9597 4799
9598 9811
9599 4800
9600 9812
9601 4801
9602 9813
9603 4802
9604 9814
9605 4803
9606 9815
9607 4804
9608 9816
9609 4805
9610 9817
9611 4806
9612 9818
9613 4807
9614 9819
9615 4808
9616 9820
9617 4809
9618 9821
9619 4810
9620 9822
9621 4811
9622 9823
9623 4812
9624 9824
9625 4813
9626 9825
9627 4814
9628 9826
9629 4815
9630 9827
9631 4816
9632 9828
9633 4817
9634 9829
9635 4818
9636 9830
9637 4819
9638 9831
9639 4820
9640 9832
9641 4821
9642 9833
9643 4822
9644 9834
9645 4823
9646 9835
9647 4824
9648 9836
9649 4825
9650 9837
9651 4826
9652 9838
9653 4827
9654 9839
9655 4828
9656 9840
9657 4829
9658 9841
9659 4830
9660 9842
9661 4831
9662 9843
9663 4832
9664 9844
9665 4833
9666 9845
9667 4834
9668 9846
9669 4835
9670 9847
9671 4836
9672 9848
9673 4837
9674 9849
9675 4838
9676 9850
9677 4839
9678 9851
9679 4840
9680 9852
9681 4841
9682 9853
9683 4842
9684 9854
9685 4843
9686 9855
9687 4844
9688 9856
9689 4845
9690 9857
9691 4846
9692 9858
9693 4847
9694 9859
9695 4848
9696 9860
9697 4849
9698 9861
9699 4850
9700 9862
9701 4851
9702 9863
9703 4852
9704 9864
9705 4853
9706 9865
9707 4854
9708 9866
9709 4855
9710 9867
9711 4856
9712 9868
9713 4857
9714 9869
9715 4858
9716 9870
9717 4859
9718 9871
9719 4860
9720 9872
9721 4861
9722 9873
9723 4862
9724 9874
9725 4863
9726 9875
9727 4864
9728 9876
9729 4865
9730 9877
9731 4866
9732 9878
9733 4867
9734 9879
9735 4868
9736 9880
9737 4869
9738 9881
9739 4870
9740 9882
9741 4871
9742 9883
9743 4872
9744 9884
9745 4873
9746 9885
9747 4874
9748 9886
9749 4875
9750 9887
9751 4876
9752 9888
9753 4877
9754 9889
9755 4878
9756 9890
9757 4879
9758 9891
9759 4880
9760 9892
9761 4881
9762 9893
9763 4882
9764 9894
9765 4883
9766 9895
9767 4884
9768 9896
9769 4885
9770 9897
9771 4886
9772 9898
9773 4887
9774 9899
9775 4888
9776 9900
9777 4889
9778 9901
9779 4890
9780 9902
9781 4891
9782 9903
9783 4892
9784 9904
9785 4893
9786 9905
9787 4894
9788 9906
9789 4895
9790 9907
9791 4896
9792 9908
9793 4897
9794 9909
9795 4898
9796 9910
9797 4899
9798 9911
9799 4900
9800 9912
9801 4901
9802 9913
9803 4902
9804 9914
9805 4903
9806 9915
9807 4904
9808 9916
9809 4905
9810 9917
9811 4906
9812 9918
9813 4907
9814 9919
9815 4908
9816 9920
9817 4909
9818 9921
9819 4910
9820 9922
9821 4911
9822 9923
9823 4912
9824 9924
9825 4913
9826 9925
9827 4914
9828 9926
9829 4915
9830 9927
9831 4916
9832 9928
9833 4917
9834 9929
9835 4918
9836 9930
9837 4919
9838 9931
9839 4920
9840 9932
9841 4921
9842 9933
9843 4922
9844 9934
9845 4923
9846 9935
9847 4924
9848 9936
9849 4925
9850 9937
9851 4926
9852 9938
9853 4927
9854 9939
9855 4928
9856 9940
9857 4929
9858 9941
9859 4930
9860 9942
9861 4931
9862 9943
9863 4932
9864 9944
9865 4933
9866 9945
9867 4934
9868 9946
9869 4935
9870 9947
9871 4936
9872 9948
9873 4937
9874 9949
9875 4938
9876 9950
9877 4939
9878 9951
9879 4940
9880 9952
9881 4941
9882 9953
9883 4942
9884 9954
9885 4943
9886 9955
9887 4944
9888 9956
9889 4945
9890 9957
9891 4946
9892 9958
9893 4947
9894 9959
9895 4948
9896 9960
9897 4949
9898 9961
9899 4950
9900 9962
9901 4951
9902 9963
9903 4952
9904 9964
9905 4953
9906 9965
9907 4954
9908 9966
9909 4955
9910 9967
9911 4956
9912 9968
9913 4957
9914 9969
9915 4958
9916 9970
9917 4959
9918 9971
9919 4960
9920 9972
9921 4961
9922 9973
9923 4962
9924 9974
9925 4963
9926 9975
9927 4964
9928 9976
9929 4965
9930 9977
9931 4966
9932 9978
9933 4967
9934 9979
9935 4968
9936 9980
9937 4969
9938 9981
9939 4970
9940 9982
9941 4971
9942 9983
9943 4972
9944 9984
9945 4973
9946 9985
9947 4974
9948 9986
9949 4975
9950 9987
9951 4976
9952 9988
9953 4977
9954 9989
9955 4978
9956 9990
9957 4979
9958 9991
9959 4980
9960 9992
9961 4981
9962 9993
9963 4982
9964 9994
9965 4983
9966 9995
9967 4984
9968 9996
9969 4985
9970 9997
9971 4986
9972 9998
9973 4987
9974 9999
9975 4988
9976 10000
9977 4989
9978 10001
9979 4990
9980 10002
9981 4991
9982 10003
9983 4992
9984 10004
9985 4993
9986 10005
9987 4994
9988 10006
9989 4995
9990 10007
9991 4996
9992 10008
9993 4997
9994 10009
9995 4998
9996 10010
9997 4999
9998 10011
9999 5000
10000 10012
10001 5001
10002 10013
10003 5002
10004 10014
10005 5003
10006 10015
10007 5004
10008 10016
10009 5005
10010 10017
10011 5006
10012 10018
10013 5007
10014 10019
10015 5008
10016 10020
10017 5009
10018 10021
10019 5010
10020 10022
10021 5011
10022 10023
10023 5012
