%%MatrixMarket matrix coordinate pattern general
% Label: (1)
10023 10023 10023
1 5012
2 1
3 5013
4 2
5 5014
6 3
7 5015
8 4
9 5016
10 5
11 5017
12 6
13 5018
14 7
15 5019
16 8
17 5020
18 9
19 5021
20 10
21 5022
22 11
23 5023
24 12
25 5024
26 13
27 5025
28 14
29 5026
30 15
31 5027
32 16
33 5028
34 17
35 5029
36 18
37 5030
38 19
39 5031
40 20
41 5032
42 21
43 5033
44 22
45 5034
46 23
47 5035
48 24
49 5036
50 25
51 5037
52 26
53 5038
54 27
55 5039
56 28
57 5040
58 29
59 5041
60 30
61 5042
62 31
63 5043
64 32
65 5044
66 33
67 5045
68 34
69 5046
70 35
71 5047
72 36
73 5048
74 37
75 5049
76 38
77 5050
78 39
79 5051
80 40
81 5052
82 41
83 5053
84 42
85 5054
86 43
87 5055
88 44
89 5056
90 45
91 5057
92 46
93 5058
94 47
95 5059
96 48
97 5060
98 49
99 5061
100 50
101 5062
102 51
103 5063
104 52
105 5064
106 53
107 5065
108 54
109 5066
110 55
111 5067
112 56
113 5068
114 57
115 5069
116 58
117 5070
118 59
119 5071
120 60
121 5072
122 61
123 5073
124 62
125 5074
126 63
127 5075
128 64
129 5076
130 65
131 5077
132 66
133 5078
134 67
135 5079
136 68
137 5080
138 69
139 5081
140 70
141 5082
142 71
143 5083
144 72
145 5084
146 73
147 5085
148 74
149 5086
150 75
151 5087
152 76
153 5088
154 77
155 5089
156 78
157 5090
158 79
159 5091
160 80
161 5092
162 81
163 5093
164 82
165 5094
166 83
167 5095
168 84
169 5096
170 85
171 5097
172 86
173 5098
174 87
175 5099
176 88
177 5100
178 89
179 5101
180 90
181 5102
182 91
183 5103
184 92
185 5104
186 93
187 5105
188 94
189 5106
190 95
191 5107
192 96
193 5108
194 97
195 5109
196 98
197 5110
198 99
199 5111
200 100
201 5112
202 101
203 5113
204 102
205 5114
206 103
207 5115
208 104
209 5116
210 105
211 5117
212 106
213 5118
214 107
215 5119
216 108
217 5120
218 109
219 5121
220 110
221 5122
222 111
223 5123
224 112
225 5124
226 113
227 5125
228 114
229 5126
230 115
231 5127
232 116
233 5128
234 117
235 5129
236 118
237 5130
238 119
239 5131
240 120
241 5132
242 121
243 5133
244 122
245 5134
246 123
247 5135
248 124
249 5136
250 125
251 5137
252 126
253 5138
254 127
255 5139
256 128
257 5140
258 129
259 5141
260 130
261 5142
262 131
263 5143
264 132
265 5144
266 133
267 5145
268 134
269 5146
270 135
271 5147
272 136
273 5148
274 137
275 5149
276 138
277 5150
278 139
279 5151
280 140
281 5152
282 141
283 5153
284 142
285 5154
286 143
287 5155
288 144
289 5156
290 145
291 5157
292 146
293 5158
294 147
295 5159
296 148
297 5160
298 149
299 5161
300 150
301 5162
302 151
303 5163
304 152
305 5164
306 153
307 5165
308 154
309 5166
310 155
311 5167
312 156
313 5168
314 157
315 5169
316 158
317 5170
318 159
319 5171
320 160
321 5172
322 161
323 5173
324 162
325 5174
326 163
327 5175
328 164
329 5176
330 165
331 5177
332 166
333 5178
334 167
335 5179
336 168
337 5180
338 169
339 5181
340 170
341 5182
342 171
343 5183
344 172
345 5184
346 173
347 5185
348 174
349 5186
350 175
351 5187
352 176
353 5188
354 177
355 5189
356 178
357 5190
358 179
359 5191
360 180
361 5192
362 181
363 5193
364 182
365 5194
366 183
367 5195
368 184
369 5196
370 185
371 5197
372 186
373 5198
374 187
375 5199
376 188
377 5200
378 189
379 5201
380 190
381 5202
382 191
383 5203
384 192
385 5204
386 193
387 5205
388 194
389 5206
390 195
391 5207
392 196
393 5208
394 197
395 5209
396 198
397 5210
398 199
399 5211
400 200
401 5212
402 201
403 5213
404 202
405 5214
406 203
407 5215
408 204
409 5216
410 205
411 5217
412 206
413 5218
414 207
415 5219
416 208
417 5220
418 209
419 5221
420 210
421 5222
422 211
423 5223
424 212
425 5224
426 213
427 5225
428 214
429 5226
430 215
431 5227
432 216
433 5228
434 217
435 5229
436 218
437 5230
438 219
439 5231
440 220
441 5232
442 221
443 5233
444 222
445 5234
446 223
447 5235
448 224
449 5236
450 225
451 5237
452 226
453 5238
454 227
455 5239
456 228
457 5240
458 229
459 5241
460 230
461 5242
462 231
463 5243
464 232
465 5244
466 233
467 5245
468 234
469 5246
470 235
471 5247
472 236
473 5248
474 237
475 5249
476 238
477 5250
478 239
479 5251
480 240
481 5252
482 241
483 5253
484 242
485 5254
486 243
487 5255
488 244
489 5256
490 245
491 5257
492 246
493 5258
494 247
495 5259
496 248
497 5260
498 249
499 5261
500 250
501 5262
502 251
503 5263
504 252
505 5264
506 253
507 5265
508 254
509 5266
510 255
511 5267
512 256
513 5268
514 257
515 5269
516 258
517 5270
518 259
519 5271
520 260
521 5272
522 261
523 5273
524 262
525 5274
526 263
527 5275
528 264
529 5276
530 265
531 5277
532 266
533 5278
534 267
535 5279
536 268
537 5280
538 269
539 5281
540 270
541 5282
542 271
543 5283
544 272
545 5284
546 273
547 5285
548 274
549 5286
550 275
551 5287
552 276
553 5288
554 277
555 5289
556 278
557 5290
558 279
559 5291
560 280
561 5292
562 281
563 5293
564 282
565 5294
566 283
567 5295
568 284
569 5296
570 285
571 5297
572 286
573 5298
574 287
575 5299
576 288
577 5300
578 289
579 5301
580 290
581 5302
582 291
583 5303
584 292
585 5304
586 293
587 5305
588 294
589 5306
590 295
591 5307
592 296
593 5308
594 297
595 5309
596 298
597 5310
598 299
599 5311
600 300
601 5312
602 301
603 5313
604 302
605 5314
606 303
607 5315
608 304
609 5316
610 305
611 5317
612 306
613 5318
614 307
615 5319
616 308
617 5320
618 309
619 5321
620 310
621 5322
622 311
623 5323
624 312
625 5324
626 313
627 5325
628 314
629 5326
630 315
631 5327
632 316
633 5328
634 317
635 5329
636 318
637 5330
638 319
639 5331
640 320
641 5332
642 321
643 5333
644 322
645 5334
646 323
647 5335
648 324
649 5336
650 325
651 5337
652 326
653 5338
654 327
655 5339
656 328
657 5340
658 329
659 5341
660 330
661 5342
662 331
663 5343
664 332
665 5344
666 333
667 5345
668 334
669 5346
670 335
671 5347
672 336
673 5348
674 337
675 5349
676 338
677 5350
678 339
679 5351
680 340
681 5352
682 341
683 5353
684 342
685 5354
686 343
687 5355
688 344
689 5356
690 345
691 5357
692 346
693 5358
694 347
695 5359
696 348
697 5360
698 349
699 5361
700 350
701 5362
702 351
703 5363
704 352
705 5364
706 353
707 5365
708 354
709 5366
710 355
711 5367
712 356
713 5368
714 357
715 5369
716 358
717 5370
718 359
719 5371
720 360
721 5372
722 361
723 5373
724 362
725 5374
726 363
727 5375
728 364
729 5376
730 365
731 5377
732 366
733 5378
734 367
735 5379
736 368
737 5380
738 369
739 5381
740 370
741 5382
742 371
743 5383
744 372
745 5384
746 373
747 5385
748 374
749 5386
750 375
751 5387
752 376
753 5388
754 377
755 5389
756 378
757 5390
758 379
759 5391
760 380
761 5392
762 381
763 5393
764 382
765 5394
766 383
767 5395
768 384
769 5396
770 385
771 5397
772 386
773 5398
774 387
775 5399
776 388
777 5400
778 389
779 5401
780 390
781 5402
782 391
783 5403
784 392
785 5404
786 393
787 5405
788 394
789 5406
790 395
791 5407
792 396
793 5408
794 397
795 5409
796 398
797 5410
798 399
799 5411
800 400
801 5412
802 401
803 5413
804 402
805 5414
806 403
807 5415
808 404
809 5416
810 405
811 5417
812 406
813 5418
814 407
815 5419
816 408
817 5420
818 409
819 5421
820 410
821 5422
822 411
823 5423
824 412
825 5424
826 413
827 5425
828 414
829 5426
830 415
831 5427
832 416
833 5428
834 417
835 5429
836 418
837 5430
838 419
839 5431
840 420
841 5432
842 421
843 5433
844 422
845 5434
846 423
847 5435
848 424
849 5436
850 425
851 5437
852 426
853 5438
854 427
855 5439
856 428
857 5440
858 429
859 5441
860 430
861 5442
862 431
863 5443
864 432
865 5444
866 433
867 5445
868 434
869 5446
870 435
871 5447
872 436
873 5448
874 437
875 5449
876 438
877 5450
878 439
879 5451
880 440
881 5452
882 441
883 5453
884 442
885 5454
886 443
887 5455
888 444
889 5456
890 445
891 5457
892 446
893 5458
894 447
895 5459
896 448
897 5460
898 449
899 5461
900 450
901 5462
902 451
903 5463
904 452
905 5464
906 453
907 5465
908 454
909 5466
910 455
911 5467
912 456
913 5468
914 457
915 5469
916 458
917 5470
918 459
919 5471
920 460
921 5472
922 461
923 5473
924 462
925 5474
926 463
927 5475
928 464
929 5476
930 465
931 5477
932 466
933 5478
934 467
935 5479
936 468
937 5480
938 469
939 5481
940 470
941 5482
942 471
943 5483
944 472
945 5484
946 473
947 5485
948 474
949 5486
950 475
951 5487
952 476
953 5488
954 477
955 5489
956 478
957 5490
958 479
959 5491
960 480
961 5492
962 481
963 5493
964 482
965 5494
966 483
967 5495
968 484
969 5496
970 485
971 5497
972 486
973 5498
974 487
975 5499
976 488
977 5500
978 489
979 5501
980 490
981 5502
982 491
983 5503
984 492
985 5504
986 493
987 5505
988 494
989 5506
990 495
991 5507
992 496
993 5508
994 497
995 5509
996 498
997 5510
998 499
999 5511
1000 500
1001 5512
1002 501
1003 5513
1004 502
1005 5514
1006 503
1007 5515
1008 504
1009 5516
1010 505
1011 5517
1012 506
1013 5518
1014 507
1015 5519
1016 508
1017 5520
1018 509
1019 5521
1020 510
1021 5522
1022 511
1023 5523
1024 512
1025 5524
1026 513
1027 5525
1028 514
1029 5526
1030 515
1031 5527
1032 516
1033 5528
1034 517
1035 5529
1036 518
1037 5530
1038 519
1039 5531
1040 520
1041 5532
1042 521
1043 5533
1044 522
1045 5534
1046 523
1047 5535
1048 524
1049 5536
1050 525
1051 5537
1052 526
1053 5538
1054 527
1055 5539
1056 528
1057 5540
1058 529
1059 5541
1060 530
1061 5542
1062 531
1063 5543
1064 532
1065 5544
1066 533
1067 5545
1068 534
1069 5546
1070 535
1071 5547
1072 536
1073 5548
1074 537
1075 5549
1076 538
1077 5550
1078 539
1079 5551
1080 540
1081 5552
1082 541
1083 5553
1084 542
1085 5554
1086 543
1087 5555
1088 544
1089 5556
1090 545
1091 5557
1092 546
1093 5558
1094 547
1095 5559
1096 548
1097 5560
1098 549
1099 5561
1100 550
1101 5562
1102 551
1103 5563
1104 552
1105 5564
1106 553
1107 5565
1108 554
1109 5566
1110 555
1111 5567
1112 556
1113 5568
1114 557
1115 5569
1116 558
1117 5570
1118 559
1119 5571
1120 560
1121 5572
1122 561
1123 5573
1124 562
1125 5574
1126 563
1127 5575
1128 564
1129 5576
1130 565
1131 5577
1132 566
1133 5578
1134 567
1135 5579
1136 568
1137 5580
1138 569
1139 5581
1140 570
1141 5582
1142 571
1143 5583
1144 572
1145 5584
1146 573
1147 5585
1148 574
1149 5586
1150 575
1151 5587
1152 576
1153 5588
1154 577
1155 5589
1156 578
1157 5590
1158 579
1159 5591
1160 580
1161 5592
1162 581
1163 5593
1164 582
1165 5594
1166 583
1167 5595
1168 584
1169 5596
1170 585
1171 5597
1172 586
1173 5598
1174 587
1175 5599
1176 588
1177 5600
1178 589
1179 5601
1180 590
1181 5602
1182 591
1183 5603
1184 592
1185 5604
1186 593
1187 5605
1188 594
1189 5606
1190 595
1191 5607
1192 596
1193 5608
1194 597
1195 5609
1196 598
1197 5610
1198 599
1199 5611
1200 600
1201 5612
1202 601
1203 5613
1204 602
1205 5614
1206 603
1207 5615
1208 604
1209 5616
1210 605
1211 5617
1212 606
1213 5618
1214 607
1215 5619
1216 608
1217 5620
1218 609
1219 5621
1220 610
1221 5622
1222 611
1223 5623
1224 612
1225 5624
1226 613
1227 5625
1228 614
1229 5626
1230 615
1231 5627
1232 616
1233 5628
1234 617
1235 5629
1236 618
1237 5630
1238 619
1239 5631
1240 620
1241 5632
1242 621
1243 5633
1244 622
1245 5634
1246 623
1247 5635
1248 624
1249 5636
1250 625
1251 5637
1252 626
1253 5638
1254 627
1255 5639
1256 628
1257 5640
1258 629
1259 5641
1260 630
1261 5642
1262 631
1263 5643
1264 632
1265 5644
1266 633
1267 5645
1268 634
1269 5646
1270 635
1271 5647
1272 636
1273 5648
1274 637
1275 5649
1276 638
1277 5650
1278 639
1279 5651
1280 640
1281 5652
1282 641
1283 5653
1284 642
1285 5654
1286 643
1287 5655
1288 644
1289 5656
1290 645
1291 5657
1292 646
1293 5658
1294 647
1295 5659
1296 648
1297 5660
1298 649
1299 5661
1300 650
1301 5662
1302 651
1303 5663
1304 652
1305 5664
1306 653
1307 5665
1308 654
1309 5666
1310 655
1311 5667
1312 656
1313 5668
1314 657
1315 5669
1316 658
1317 5670
1318 659
1319 5671
1320 660
1321 5672
1322 661
1323 5673
1324 662
1325 5674
1326 663
1327 5675
1328 664
1329 5676
1330 665
1331 5677
1332 666
1333 5678
1334 667
1335 5679
1336 668
1337 5680
1338 669
1339 5681
1340 670
1341 5682
1342 671
1343 5683
1344 672
1345 5684
1346 673
1347 5685
1348 674
1349 5686
1350 675
1351 5687
1352 676
1353 5688
1354 677
1355 5689
1356 678
1357 5690
1358 679
1359 5691
1360 680
1361 5692
1362 681
1363 5693
1364 682
1365 5694
1366 683
1367 5695
1368 684
1369 5696
1370 685
1371 5697
1372 686
1373 5698
1374 687
1375 5699
1376 688
1377 5700
1378 689
1379 5701
1380 690
1381 5702
1382 691
1383 5703
1384 692
1385 5704
1386 693
1387 5705
1388 694
1389 5706
1390 695
1391 5707
1392 696
1393 5708
1394 697
1395 5709
1396 698
1397 5710
1398 699
1399 5711
1400 700
1401 5712
1402 701
1403 5713
1404 702
1405 5714
1406 703
1407 5715
1408 704
1409 5716
1410 705
1411 5717
1412 706
1413 5718
1414 707
1415 5719
1416 708
1417 5720
1418 709
1419 5721
1420 710
1421 5722
1422 711
1423 5723
1424 712
1425 5724
1426 713
1427 5725
1428 714
1429 5726
1430 715
1431 5727
1432 716
1433 5728
1434 717
1435 5729
1436 718
1437 5730
1438 719
1439 5731
1440 720
1441 5732
1442 721
1443 5733
1444 722
1445 5734
1446 723
1447 5735
1448 724
1449 5736
1450 725
1451 5737
1452 726
1453 5738
1454 727
1455 5739
1456 728
1457 5740
1458 729
1459 5741
1460 730
1461 5742
1462 731
1463 5743
1464 732
1465 5744
1466 733
1467 5745
1468 734
1469 5746
1470 735
1471 5747
1472 736
1473 5748
1474 737
1475 5749
1476 738
1477 5750
1478 739
1479 5751
1480 740
1481 5752
1482 741
1483 5753
1484 742
1485 5754
1486 743
1487 5755
1488 744
1489 5756
1490 745
1491 5757
1492 746
1493 5758
1494 747
1495 5759
1496 748
1497 5760
1498 749
1499 5761
1500 750
1501 5762
1502 751
1503 5763
1504 752
1505 5764
1506 753
1507 5765
1508 754
1509 5766
1510 755
1511 5767
1512 756
1513 5768
1514 757
1515 5769
1516 758
1517 5770
1518 759
1519 5771
1520 760
1521 5772
1522 761
1523 5773
1524 762
1525 5774
1526 763
1527 5775
1528 764
1529 5776
1530 765
1531 5777
1532 766
1533 5778
1534 767
1535 5779
1536 768
1537 5780
1538 769
1539 5781
1540 770
1541 5782
1542 771
1543 5783
1544 772
1545 5784
1546 773
1547 5785
1548 774
1549 5786
1550 775
1551 5787
1552 776
1553 5788
1554 777
1555 5789
1556 778
1557 5790
1558 779
1559 5791
1560 780
1561 5792
1562 781
1563 5793
1564 782
1565 5794
1566 783
1567 5795
1568 784
1569 5796
1570 785
1571 5797
1572 786
1573 5798
1574 787
1575 5799
1576 788
1577 5800
1578 789
1579 5801
1580 790
1581 5802
1582 791
1583 5803
1584 792
1585 5804
1586 793
1587 5805
1588 794
1589 5806
1590 795
1591 5807
1592 796
1593 5808
1594 797
1595 5809
1596 798
1597 5810
1598 799
1599 5811
1600 800
1601 5812
1602 801
1603 5813
1604 802
1605 5814
1606 803
1607 5815
1608 804
1609 5816
1610 805
1611 5817
1612 806
1613 5818
1614 807
1615 5819
1616 808
1617 5820
1618 809
1619 5821
1620 810
1621 5822
1622 811
1623 5823
1624 812
1625 5824
1626 813
1627 5825
1628 814
1629 5826
1630 815
1631 5827
1632 816
1633 5828
1634 817
1635 5829
1636 818
1637 5830
1638 819
1639 5831
1640 820
1641 5832
1642 821
1643 5833
1644 822
1645 5834
1646 823
1647 5835
1648 824
1649 5836
1650 825
1651 5837
1652 826
1653 5838
1654 827
1655 5839
1656 828
1657 5840
1658 829
1659 5841
1660 830
1661 5842
1662 831
1663 5843
1664 832
1665 5844
1666 833
1667 5845
1668 834
1669 5846
1670 835
1671 5847
1672 836
1673 5848
1674 837
1675 5849
1676 838
1677 5850
1678 839
1679 5851
1680 840
1681 5852
1682 841
1683 5853
1684 842
1685 5854
1686 843
1687 5855
1688 844
1689 5856
1690 845
1691 5857
1692 846
1693 5858
1694 847
1695 5859
1696 848
1697 5860
1698 849
1699 5861
1700 850
1701 5862
1702 851
1703 5863
1704 852
1705 5864
1706 853
1707 5865
1708 854
1709 5866
1710 855
1711 5867
1712 856
1713 5868
1714 857
1715 5869
1716 858
1717 5870
1718 859
1719 5871
1720 860
1721 5872
1722 861
1723 5873
1724 862
1725 5874
1726 863
1727 5875
1728 864
1729 5876
1730 865
1731 5877
1732 866
1733 5878
1734 867
1735 5879
1736 868
1737 5880
1738 869
1739 5881
1740 870
1741 5882
1742 871
1743 5883
1744 872
1745 5884
1746 873
1747 5885
1748 874
1749 5886
1750 875
1751 5887
1752 876
1753 5888
1754 877
1755 5889
1756 878
1757 5890
1758 879
1759 5891
1760 880
1761 5892
1762 881
1763 5893
1764 882
1765 5894
1766 883
1767 5895
1768 884
1769 5896
1770 885
1771 5897
1772 886
1773 5898
1774 887
1775 5899
1776 888
1777 5900
1778 889
1779 5901
1780 890
1781 5902
1782 891
1783 5903
1784 892
1785 5904
1786 893
1787 5905
1788 894
1789 5906
1790 895
1791 5907
1792 896
1793 5908
1794 897
1795 5909
1796 898
1797 5910
1798 899
1799 5911
1800 900
1801 5912
1802 901
1803 5913
1804 902
1805 5914
1806 903
1807 5915
1808 904
1809 5916
1810 905
1811 5917
1812 906
1813 5918
1814 907
1815 5919
1816 908
1817 5920
1818 909
1819 5921
1820 910
1821 5922
1822 911
1823 5923
1824 912
1825 5924
1826 913
1827 5925
1828 914
1829 5926
1830 915
1831 5927
1832 916
1833 5928
1834 917
1835 5929
1836 918
1837 5930
1838 919
1839 5931
1840 920
1841 5932
1842 921
1843 5933
1844 922
1845 5934
1846 923
1847 5935
1848 924
1849 5936
1850 925
1851 5937
1852 926
1853 5938
1854 927
1855 5939
1856 928
1857 5940
1858 929
1859 5941
1860 930
1861 5942
1862 931
1863 5943
1864 932
1865 5944
1866 933
1867 5945
1868 934
1869 5946
1870 935
1871 5947
1872 936
1873 5948
1874 937
1875 5949
1876 938
1877 5950
1878 939
1879 5951
1880 940
1881 5952
1882 941
1883 5953
1884 942
1885 5954
1886 943
1887 5955
1888 944
1889 5956
1890 945
1891 5957
1892 946
1893 5958
1894 947
1895 5959
1896 948
1897 5960
1898 949
1899 5961
1900 950
1901 5962
1902 951
1903 5963
1904 952
1905 5964
1906 953
1907 5965
1908 954
1909 5966
1910 955
1911 5967
1912 956
1913 5968
1914 957
1915 5969
1916 958
1917 5970
1918 959
1919 5971
1920 960
1921 5972
1922 961
1923 5973
1924 962
1925 5974
1926 963
1927 5975
1928 964
1929 5976
1930 965
1931 5977
1932 966
1933 5978
1934 967
1935 5979
1936 968
1937 5980
1938 969
1939 5981
1940 970
1941 5982
1942 971
1943 5983
1944 972
1945 5984
1946 973
1947 5985
1948 974
1949 5986
1950 975
1951 5987
1952 976
1953 5988
1954 977
1955 5989
1956 978
1957 5990
1958 979
1959 5991
1960 980
1961 5992
1962 981
1963 5993
1964 982
1965 5994
1966 983
1967 5995
1968 984
1969 5996
1970 985
1971 5997
1972 986
1973 5998
1974 987
1975 5999
1976 988
1977 6000
1978 989
1979 6001
1980 990
1981 6002
1982 991
1983 6003
1984 992
1985 6004
1986 993
1987 6005
1988 994
1989 6006
1990 995
1991 6007
1992 996
1993 6008
1994 997
1995 6009
1996 998
1997 6010
1998 999
1999 6011
2000 1000
2001 6012
2002 1001
2003 6013
2004 1002
2005 6014
2006 1003
2007 6015
2008 1004
2009 6016
2010 1005
2011 6017
2012 1006
2013 6018
2014 1007
2015 6019
2016 1008
2017 6020
2018 1009
2019 6021
2020 1010
2021 6022
2022 1011
2023 6023
2024 1012
2025 6024
2026 1013
2027 6025
2028 1014
2029 6026
2030 1015
2031 6027
2032 1016
2033 6028
2034 1017
2035 6029
2036 1018
2037 6030
2038 1019
2039 6031
2040 1020
2041 6032
2042 1021
2043 6033
2044 1022
2045 6034
2046 1023
2047 6035
2048 1024
2049 6036
2050 1025
2051 6037
2052 1026
2053 6038
2054 1027
2055 6039
2056 1028
2057 6040
2058 1029
2059 6041
2060 1030
2061 6042
2062 1031
2063 6043
2064 1032
2065 6044
2066 1033
2067 6045
2068 1034
2069 6046
2070 1035
2071 6047
2072 1036
2073 6048
2074 1037
2075 6049
2076 1038
2077 6050
2078 1039
2079 6051
2080 1040
2081 6052
2082 1041
2083 6053
2084 1042
2085 6054
2086 1043
2087 6055
2088 1044
2089 6056
2090 1045
2091 6057
2092 1046
2093 6058
2094 1047
2095 6059
2096 1048
2097 6060
2098 1049
2099 6061
2100 1050
2101 6062
2102 1051
2103 6063
2104 1052
2105 6064
2106 1053
2107 6065
2108 1054
2109 6066
2110 1055
2111 6067
2112 1056
2113 6068
2114 1057
2115 6069
2116 1058
2117 6070
2118 1059
2119 6071
2120 1060
2121 6072
2122 1061
2123 6073
2124 1062
2125 6074
2126 1063
2127 6075
2128 1064
2129 6076
2130 1065
2131 6077
2132 1066
2133 6078
2134 1067
2135 6079
2136 1068
2137 6080
2138 1069
2139 6081
2140 1070
2141 6082
2142 1071
2143 6083
2144 1072
2145 6084
2146 1073
2147 6085
2148 1074
2149 6086
2150 1075
2151 6087
2152 1076
2153 6088
2154 1077
2155 6089
2156 1078
2157 6090
2158 1079
2159 6091
2160 1080
2161 6092
2162 1081
2163 6093
2164 1082
2165 6094
2166 1083
2167 6095
2168 1084
2169 6096
2170 1085
2171 6097
2172 1086
2173 6098
2174 1087
2175 6099
2176 1088
2177 6100
2178 1089
2179 6101
2180 1090
2181 6102
2182 1091
2183 6103
2184 1092
2185 6104
2186 1093
2187 6105
2188 1094
2189 6106
2190 1095
2191 6107
2192 1096
2193 6108
2194 1097
2195 6109
2196 1098
2197 6110
2198 1099
2199 6111
2200 1100
2201 6112
2202 1101
2203 6113
2204 1102
2205 6114
2206 1103
2207 6115
2208 1104
2209 6116
2210 1105
2211 6117
2212 1106
2213 6118
2214 1107
2215 6119
2216 1108
2217 6120
2218 1109
2219 6121
2220 1110
2221 6122
2222 1111
2223 6123
2224 1112
2225 6124
2226 1113
2227 6125
2228 1114
2229 6126
2230 1115
2231 6127
2232 1116
2233 6128
2234 1117
2235 6129
2236 1118
2237 6130
2238 1119
2239 6131
2240 1120
2241 6132
2242 1121
2243 6133
2244 1122
2245 6134
2246 1123
2247 6135
2248 1124
2249 6136
2250 1125
2251 6137
2252 1126
2253 6138
2254 1127
2255 6139
2256 1128
2257 6140
2258 1129
2259 6141
2260 1130
2261 6142
2262 1131
2263 6143
2264 1132
2265 6144
2266 1133
2267 6145
2268 1134
2269 6146
2270 1135
2271 6147
2272 1136
2273 6148
2274 1137
2275 6149
2276 1138
2277 6150
2278 1139
2279 6151
2280 1140
2281 6152
2282 1141
2283 6153
2284 1142
2285 6154
2286 1143
2287 6155
2288 1144
2289 6156
2290 1145
2291 6157
2292 1146
2293 6158
2294 1147
2295 6159
2296 1148
2297 6160
2298 1149
2299 6161
2300 1150
2301 6162
2302 1151
2303 6163
2304 1152
2305 6164
2306 1153
2307 6165
2308 1154
2309 6166
2310 1155
2311 6167
2312 1156
2313 6168
2314 1157
2315 6169
2316 1158
2317 6170
2318 1159
2319 6171
2320 1160
2321 6172
2322 1161
2323 6173
2324 1162
2325 6174
2326 1163
2327 6175
2328 1164
2329 6176
2330 1165
2331 6177
2332 1166
2333 6178
2334 1167
2335 6179
2336 1168
2337 6180
2338 1169
2339 6181
2340 1170
2341 6182
2342 1171
2343 6183
2344 1172
2345 6184
2346 1173
2347 6185
2348 1174
2349 6186
2350 1175
2351 6187
2352 1176
2353 6188
2354 1177
2355 6189
2356 1178
2357 6190
2358 1179
2359 6191
2360 1180
2361 6192
2362 1181
2363 6193
2364 1182
2365 6194
2366 1183
2367 6195
2368 1184
2369 6196
2370 1185
2371 6197
2372 1186
2373 6198
2374 1187
2375 6199
2376 1188
2377 6200
2378 1189
2379 6201
2380 1190
2381 6202
2382 1191
2383 6203
2384 1192
2385 6204
2386 1193
2387 6205
2388 1194
2389 6206
2390 1195
2391 6207
2392 1196
2393 6208
2394 1197
2395 6209
2396 1198
2397 6210
2398 1199
2399 6211
2400 1200
2401 6212
2402 1201
2403 6213
2404 1202
2405 6214
2406 1203
2407 6215
2408 1204
2409 6216
2410 1205
2411 6217
2412 1206
2413 6218
2414 1207
2415 6219
2416 1208
2417 6220
2418 1209
2419 6221
2420 1210
2421 6222
2422 1211
2423 6223
2424 1212
2425 6224
2426 1213
2427 6225
2428 1214
2429 6226
2430 1215
2431 6227
2432 1216
2433 6228
2434 1217
2435 6229
2436 1218
2437 6230
2438 1219
2439 6231
2440 1220
2441 6232
2442 1221
2443 6233
2444 1222
2445 6234
2446 1223
2447 6235
2448 1224
2449 6236
2450 1225
2451 6237
2452 1226
2453 6238
2454 1227
2455 6239
2456 1228
2457 6240
2458 1229
2459 6241
2460 1230
2461 6242
2462 1231
2463 6243
2464 1232
2465 6244
2466 1233
2467 6245
2468 1234
2469 6246
2470 1235
2471 6247
2472 1236
2473 6248
2474 1237
2475 6249
2476 1238
2477 6250
2478 1239
2479 6251
2480 1240
2481 6252
2482 1241
2483 6253
2484 1242
2485 6254
2486 1243
2487 6255
2488 1244
2489 6256
2490 1245
2491 6257
2492 1246
2493 6258
2494 1247
2495 6259
2496 1248
2497 6260
2498 1249
2499 6261
2500 1250
2501 6262
2502 1251
2503 6263
2504 1252
2505 6264
2506 1253
2507 6265
2508 1254
2509 6266
2510 1255
2511 6267
2512 1256
2513 6268
2514 1257
2515 6269
2516 1258
2517 6270
2518 1259
2519 6271
2520 1260
2521 6272
2522 1261
2523 6273
2524 1262
2525 6274
2526 1263
2527 6275
2528 1264
2529 6276
2530 1265
2531 6277
2532 1266
2533 6278
2534 1267
2535 6279
2536 1268
2537 6280
2538 1269
2539 6281
2540 1270
2541 6282
2542 1271
2543 6283
2544 1272
2545 6284
2546 1273
2547 6285
2548 1274
2549 6286
2550 1275
2551 6287
2552 1276
2553 6288
2554 1277
2555 6289
2556 1278
2557 6290
2558 1279
2559 6291
2560 1280
2561 6292
2562 1281
2563 6293
2564 1282
2565 6294
2566 1283
2567 6295
2568 1284
2569 6296
2570 1285
2571 6297
2572 1286
2573 6298
2574 1287
2575 6299
2576 1288
2577 6300
2578 1289
2579 6301
2580 1290
2581 6302
2582 1291
2583 6303
2584 1292
2585 6304
2586 1293
2587 6305
2588 1294
2589 6306
2590 1295
2591 6307
2592 1296
2593 6308
2594 1297
2595 6309
2596 1298
2597 6310
2598 1299
2599 6311
2600 1300
2601 6312
2602 1301
2603 6313
2604 1302
2605 6314
2606 1303
2607 6315
2608 1304
2609 6316
2610 1305
2611 6317
2612 1306
2613 6318
2614 1307
2615 6319
2616 1308
2617 6320
2618 1309
2619 6321
2620 1310
2621 6322
2622 1311
2623 6323
2624 1312
2625 6324
2626 1313
2627 6325
2628 1314
2629 6326
2630 1315
2631 6327
2632 1316
2633 6328
2634 1317
2635 6329
2636 1318
2637 6330
2638 1319
2639 6331
2640 1320
2641 6332
2642 1321
2643 6333
2644 1322
2645 6334
2646 1323
2647 6335
2648 1324
2649 6336
2650 1325
2651 6337
2652 1326
2653 6338
2654 1327
2655 6339
2656 1328
2657 6340
2658 1329
2659 6341
2660 1330
2661 6342
2662 1331
2663 6343
2664 1332
2665 6344
2666 1333
2667 6345
2668 1334
2669 6346
2670 1335
2671 6347
2672 1336
2673 6348
2674 1337
2675 6349
2676 1338
2677 6350
2678 1339
2679 6351
2680 1340
2681 6352
2682 1341
2683 6353
2684 1342
2685 6354
2686 1343
2687 6355
2688 1344
2689 6356
2690 1345
2691 6357
2692 1346
2693 6358
2694 1347
2695 6359
2696 1348
2697 6360
2698 1349
2699 6361
2700 1350
2701 6362
2702 1351
2703 6363
2704 1352
2705 6364
2706 1353
2707 6365
2708 1354
2709 6366
2710 1355
2711 6367
2712 1356
2713 6368
2714 1357
2715 6369
2716 1358
2717 6370
2718 1359
2719 6371
2720 1360
2721 6372
2722 1361
2723 6373
2724 1362
2725 6374
2726 1363
2727 6375
2728 1364
2729 6376
2730 1365
2731 6377
2732 1366
2733 6378
2734 1367
2735 6379
2736 1368
2737 6380
2738 1369
2739 6381
2740 1370
2741 6382
2742 1371
2743 6383
2744 1372
2745 6384
2746 1373
2747 6385
2748 1374
2749 6386
2750 1375
2751 6387
2752 1376
2753 6388
2754 1377
2755 6389
2756 1378
2757 6390
2758 1379
2759 6391
2760 1380
2761 6392
2762 1381
2763 6393
2764 1382
2765 6394
2766 1383
2767 6395
2768 1384
2769 6396
2770 1385
2771 6397
2772 1386
2773 6398
2774 1387
2775 6399
2776 1388
2777 6400
2778 1389
2779 6401
2780 1390
2781 6402
2782 1391
2783 6403
2784 1392
2785 6404
2786 1393
2787 6405
2788 1394
2789 6406
2790 1395
2791 6407
2792 1396
2793 6408
2794 1397
2795 6409
2796 1398
2797 6410
2798 1399
2799 6411
2800 1400
2801 6412
2802 1401
2803 6413
2804 1402
2805 6414
2806 1403
2807 6415
2808 1404
2809 6416
2810 1405
2811 6417
2812 1406
2813 6418
2814 1407
2815 6419
2816 1408
2817 6420
2818 1409
2819 6421
2820 1410
2821 6422
2822 1411
2823 6423
2824 1412
2825 6424
2826 1413
2827 6425
2828 1414
2829 6426
2830 1415
2831 6427
2832 1416
2833 6428
2834 1417
2835 6429
2836 1418
2837 6430
2838 1419
2839 6431
2840 1420
2841 6432
2842 1421
2843 6433
2844 1422
2845 6434
2846 1423
2847 6435
2848 1424
2849 6436
2850 1425
2851 6437
2852 1426
2853 6438
2854 1427
2855 6439
2856 1428
2857 6440
2858 1429
2859 6441
2860 1430
2861 6442
2862 1431
2863 6443
2864 1432
2865 6444
2866 1433
2867 6445
2868 1434
2869 6446
2870 1435
2871 6447
2872 1436
2873 6448
2874 1437
2875 6449
2876 1438
2877 6450
2878 1439
2879 6451
2880 1440
2881 6452
2882 1441
2883 6453
2884 1442
2885 6454
2886 1443
2887 6455
2888 1444
2889 6456
2890 1445
2891 6457
2892 1446
2893 6458
2894 1447
2895 6459
2896 1448
2897 6460
2898 1449
2899 6461
2900 1450
2901 6462
2902 1451
2903 6463
2904 1452
2905 6464
2906 1453
2907 6465
2908 1454
2909 6466
2910 1455
2911 6467
2912 1456
2913 6468
2914 1457
2915 6469
2916 1458
2917 6470
2918 1459
2919 6471
2920 1460
2921 6472
2922 1461
2923 6473
2924 1462
2925 6474
2926 1463
2927 6475
2928 1464
2929 6476
2930 1465
2931 6477
2932 1466
2933 6478
2934 1467
2935 6479
2936 1468
2937 6480
2938 1469
2939 6481
2940 1470
2941 6482
2942 1471
2943 6483
2944 1472
2945 6484
2946 1473
2947 6485
2948 1474
2949 6486
2950 1475
2951 6487
2952 1476
2953 6488
2954 1477
2955 6489
2956 1478
2957 6490
2958 1479
2959 6491
2960 1480
2961 6492
2962 1481
2963 6493
2964 1482
2965 6494
2966 1483
2967 6495
2968 1484
2969 6496
2970 1485
2971 6497
2972 1486
2973 6498
2974 1487
2975 6499
2976 1488
2977 6500
2978 1489
2979 6501
2980 1490
2981 6502
2982 1491
2983 6503
2984 1492
2985 6504
2986 1493
2987 6505
2988 1494
2989 6506
2990 1495
2991 6507
2992 1496
2993 6508
2994 1497
2995 6509
2996 1498
2997 6510
2998 1499
2999 6511
3000 1500
3001 6512
3002 1501
3003 6513
3004 1502
3005 6514
3006 1503
3007 6515
3008 1504
3009 6516
3010 1505
3011 6517
3012 1506
3013 6518
3014 1507
3015 6519
3016 1508
3017 6520
3018 1509
3019 6521
3020 1510
3021 6522
3022 1511
3023 6523
3024 1512
3025 6524
3026 1513
3027 6525
3028 1514
3029 6526
3030 1515
3031 6527
3032 1516
3033 6528
3034 1517
3035 6529
3036 1518
3037 6530
3038 1519
3039 6531
3040 1520
3041 6532
3042 1521
3043 6533
3044 1522
3045 6534
3046 1523
3047 6535
3048 1524
3049 6536
3050 1525
3051 6537
3052 1526
3053 6538
3054 1527
3055 6539
3056 1528
3057 6540
3058 1529
3059 6541
3060 1530
3061 6542
3062 1531
3063 6543
3064 1532
3065 6544
3066 1533
3067 6545
3068 1534
3069 6546
3070 1535
3071 6547
3072 1536
3073 6548
3074 1537
3075 6549
3076 1538
3077 6550
3078 1539
3079 6551
3080 1540
3081 6552
3082 1541
3083 6553
3084 1542
3085 6554
3086 1543
3087 6555
3088 1544
3089 6556
3090 1545
3091 6557
3092 1546
3093 6558
3094 1547
3095 6559
3096 1548
3097 6560
3098 1549
3099 6561
3100 1550
3101 6562
3102 1551
3103 6563
3104 1552
3105 6564
3106 1553
3107 6565
3108 1554
3109 6566
3110 1555
3111 6567
3112 1556
3113 6568
3114 1557
3115 6569
3116 1558
3117 6570
3118 1559
3119 6571
3120 1560
3121 6572
3122 1561
3123 6573
3124 1562
3125 6574
3126 1563
3127 6575
3128 1564
3129 6576
3130 1565
3131 6577
3132 1566
3133 6578
3134 1567
3135 6579
3136 1568
3137 6580
3138 1569
3139 6581
3140 1570
3141 6582
3142 1571
3143 6583
3144 1572
3145 6584
3146 1573
3147 6585
3148 1574
3149 6586
3150 1575
3151 6587
3152 1576
3153 6588
3154 1577
3155 6589
3156 1578
3157 6590
3158 1579
3159 6591
3160 1580
3161 6592
3162 1581
3163 6593
3164 1582
3165 6594
3166 1583
3167 6595
3168 1584
3169 6596
3170 1585
3171 6597
3172 1586
3173 6598
3174 1587
3175 6599
3176 1588
3177 6600
3178 1589
3179 6601
3180 1590
3181 6602
3182 1591
3183 6603
3184 1592
3185 6604
3186 1593
3187 6605
3188 1594
3189 6606
3190 1595
3191 6607
3192 1596
3193 6608
3194 1597
3195 6609
3196 1598
3197 6610
3198 1599
3199 6611
3200 1600
3201 6612
3202 1601
3203 6613
3204 1602
3205 6614
3206 1603
3207 6615
3208 1604
3209 6616
3210 1605
3211 6617
3212 1606
3213 6618
3214 1607
3215 6619
3216 1608
3217 6620
3218 1609
3219 6621
3220 1610
3221 6622
3222 1611
3223 6623
3224 1612
3225 6624
3226 1613
3227 6625
3228 1614
3229 6626
3230 1615
3231 6627
3232 1616
3233 6628
3234 1617
3235 6629
3236 1618
3237 6630
3238 1619
3239 6631
3240 1620
3241 6632
3242 1621
3243 6633
3244 1622
3245 6634
3246 1623
3247 6635
3248 1624
3249 6636
3250 1625
3251 6637
3252 1626
3253 6638
3254 1627
3255 6639
3256 1628
3257 6640
3258 1629
3259 6641
3260 1630
3261 6642
3262 1631
3263 6643
3264 1632
3265 6644
3266 1633
3267 6645
3268 1634
3269 6646
3270 1635
3271 6647
3272 1636
3273 6648
3274 1637
3275 6649
3276 1638
3277 6650
3278 1639
3279 6651
3280 1640
3281 6652
3282 1641
3283 6653
3284 1642
3285 6654
3286 1643
3287 6655
3288 1644
3289 6656
3290 1645
3291 6657
3292 1646
3293 6658
3294 1647
3295 6659
3296 1648
3297 6660
3298 1649
3299 6661
3300 1650
3301 6662
3302 1651
3303 6663
3304 1652
3305 6664
3306 1653
3307 6665
3308 1654
3309 6666
3310 1655
3311 6667
3312 1656
3313 6668
3314 1657
3315 6669
3316 1658
3317 6670
3318 1659
3319 6671
3320 1660
3321 6672
3322 1661
3323 6673
3324 1662
3325 6674
3326 1663
3327 6675
3328 1664
3329 6676
3330 1665
3331 6677
3332 1666
3333 6678
3334 1667
3335 6679
3336 1668
3337 6680
3338 1669
3339 6681
3340 1670
3341 6682
3342 1671
3343 6683
3344 1672
3345 6684
3346 1673
3347 6685
3348 1674
3349 6686
3350 1675
3351 6687
3352 1676
3353 6688
3354 1677
3355 6689
3356 1678
3357 6690
3358 1679
3359 6691
3360 1680
3361 6692
3362 1681
3363 6693
3364 1682
3365 6694
3366 1683
3367 6695
3368 1684
3369 6696
3370 1685
3371 6697
3372 1686
3373 6698
3374 1687
3375 6699
3376 1688
3377 6700
3378 1689
3379 6701
3380 1690
3381 6702
3382 1691
3383 6703
3384 1692
3385 6704
3386 1693
3387 6705
3388 1694
3389 6706
3390 1695
3391 6707
3392 1696
3393 6708
3394 1697
3395 6709
3396 1698
3397 6710
3398 1699
3399 6711
3400 1700
3401 6712
3402 1701
3403 6713
3404 1702
3405 6714
3406 1703
3407 6715
3408 1704
3409 6716
3410 1705
3411 6717
3412 1706
3413 6718
3414 1707
3415 6719
3416 1708
3417 6720
3418 1709
3419 6721
3420 1710
3421 6722
3422 1711
3423 6723
3424 1712
3425 6724
3426 1713
3427 6725
3428 1714
3429 6726
3430 1715
3431 6727
3432 1716
3433 6728
3434 1717
3435 6729
3436 1718
3437 6730
3438 1719
3439 6731
3440 1720
3441 6732
3442 1721
3443 6733
3444 1722
3445 6734
3446 1723
3447 6735
3448 1724
3449 6736
3450 1725
3451 6737
3452 1726
3453 6738
3454 1727
3455 6739
3456 1728
3457 6740
3458 1729
3459 6741
3460 1730
3461 6742
3462 1731
3463 6743
3464 1732
3465 6744
3466 1733
3467 6745
3468 1734
3469 6746
3470 1735
3471 6747
3472 1736
3473 6748
3474 1737
3475 6749
3476 1738
3477 6750
3478 1739
3479 6751
3480 1740
3481 6752
3482 1741
3483 6753
3484 1742
3485 6754
3486 1743
3487 6755
3488 1744
3489 6756
3490 1745
3491 6757
3492 1746
3493 6758
3494 1747
3495 6759
3496 1748
3497 6760
3498 1749
3499 6761
3500 1750
3501 6762
3502 1751
3503 6763
3504 1752
3505 6764
3506 1753
3507 6765
3508 1754
3509 6766
3510 1755
3511 6767
3512 1756
3513 6768
3514 1757
3515 6769
3516 1758
3517 6770
3518 1759
3519 6771
3520 1760
3521 6772
3522 1761
3523 6773
3524 1762
3525 6774
3526 1763
3527 6775
3528 1764
3529 6776
3530 1765
3531 6777
3532 1766
3533 6778
3534 1767
3535 6779
3536 1768
3537 6780
3538 1769
3539 6781
3540 1770
3541 6782
3542 1771
3543 6783
3544 1772
3545 6784
3546 1773
3547 6785
3548 1774
3549 6786
3550 1775
3551 6787
3552 1776
3553 6788
3554 1777
3555 6789
3556 1778
3557 6790
3558 1779
3559 6791
3560 1780
3561 6792
3562 1781
3563 6793
3564 1782
3565 6794
3566 1783
3567 6795
3568 1784
3569 6796
3570 1785
3571 6797
3572 1786
3573 6798
3574 1787
3575 6799
3576 1788
3577 6800
3578 1789
3579 6801
3580 1790
3581 6802
3582 1791
3583 6803
3584 1792
3585 6804
3586 1793
3587 6805
3588 1794
3589 6806
3590 1795
3591 6807
3592 1796
3593 6808
3594 1797
3595 6809
3596 1798
3597 6810
3598 1799
3599 6811
3600 1800
3601 6812
3602 1801
3603 6813
3604 1802
3605 6814
3606 1803
3607 6815
3608 1804
3609 6816
3610 1805
3611 6817
3612 1806
3613 6818
3614 1807
3615 6819
3616 1808
3617 6820
3618 1809
3619 6821
3620 1810
3621 6822
3622 1811
3623 6823
3624 1812
3625 6824
3626 1813
3627 6825
3628 1814
3629 6826
3630 1815
3631 6827
3632 1816
3633 6828
3634 1817
3635 6829
3636 1818
3637 6830
3638 1819
3639 6831
3640 1820
3641 6832
3642 1821
3643 6833
3644 1822
3645 6834
3646 1823
3647 6835
3648 1824
3649 6836
3650 1825
3651 6837
3652 1826
3653 6838
3654 1827
3655 6839
3656 1828
3657 6840
3658 1829
3659 6841
3660 1830
3661 6842
3662 1831
3663 6843
3664 1832
3665 6844
3666 1833
3667 6845
3668 1834
3669 6846
3670 1835
3671 6847
3672 1836
3673 6848
3674 1837
3675 6849
3676 1838
3677 6850
3678 1839
3679 6851
3680 1840
3681 6852
3682 1841
3683 6853
3684 1842
3685 6854
3686 1843
3687 6855
3688 1844
3689 6856
3690 1845
3691 6857
3692 1846
3693 6858
3694 1847
3695 6859
3696 1848
3697 6860
3698 1849
3699 6861
3700 1850
3701 6862
3702 1851
3703 6863
3704 1852
3705 6864
3706 1853
3707 6865
3708 1854
3709 6866
3710 1855
3711 6867
3712 1856
3713 6868
3714 1857
3715 6869
3716 1858
3717 6870
3718 1859
3719 6871
3720 1860
3721 6872
3722 1861
3723 6873
3724 1862
3725 6874
3726 1863
3727 6875
3728 1864
3729 6876
3730 1865
3731 6877
3732 1866
3733 6878
3734 1867
3735 6879
3736 1868
3737 6880
3738 1869
3739 6881
3740 1870
3741 6882
3742 1871
3743 6883
3744 1872
3745 6884
3746 1873
3747 6885
3748 1874
3749 6886
3750 1875
3751 6887
3752 1876
3753 6888
3754 1877
3755 6889
3756 1878
3757 6890
3758 1879
3759 6891
3760 1880
3761 6892
3762 1881
3763 6893
3764 1882
3765 6894
3766 1883
3767 6895
3768 1884
3769 6896
3770 1885
3771 6897
3772 1886
3773 6898
3774 1887
3775 6899
3776 1888
3777 6900
3778 1889
3779 6901
3780 1890
3781 6902
3782 1891
3783 6903
3784 1892
3785 6904
3786 1893
3787 6905
3788 1894
3789 6906
3790 1895
3791 6907
3792 1896
3793 6908
3794 1897
3795 6909
3796 1898
3797 6910
3798 1899
3799 6911
3800 1900
3801 6912
3802 1901
3803 6913
3804 1902
3805 6914
3806 1903
3807 6915
3808 1904
3809 6916
3810 1905
3811 6917
3812 1906
3813 6918
3814 1907
3815 6919
3816 1908
3817 6920
3818 1909
3819 6921
3820 1910
3821 6922
3822 1911
3823 6923
3824 1912
3825 6924
3826 1913
3827 6925
3828 1914
3829 6926
3830 1915
3831 6927
3832 1916
3833 6928
3834 1917
3835 6929
3836 1918
3837 6930
3838 1919
3839 6931
3840 1920
3841 6932
3842 1921
3843 6933
3844 1922
3845 6934
3846 1923
3847 6935
3848 1924
3849 6936
3850 1925
3851 6937
3852 1926
3853 6938
3854 1927
3855 6939
3856 1928
3857 6940
3858 1929
3859 6941
3860 1930
3861 6942
3862 1931
3863 6943
3864 1932
3865 6944
3866 1933
3867 6945
3868 1934
3869 6946
3870 1935
3871 6947
3872 1936
3873 6948
3874 1937
3875 6949
3876 1938
3877 6950
3878 1939
3879 6951
3880 1940
3881 6952
3882 1941
3883 6953
3884 1942
3885 6954
3886 1943
3887 6955
3888 1944
3889 6956
3890 1945
3891 6957
3892 1946
3893 6958
3894 1947
3895 6959
3896 1948
3897 6960
3898 1949
3899 6961
3900 1950
3901 6962
3902 1951
3903 6963
3904 1952
3905 6964
3906 1953
3907 6965
3908 1954
3909 6966
3910 1955
3911 6967
3912 1956
3913 6968
3914 1957
3915 6969
3916 1958
3917 6970
3918 1959
3919 6971
3920 1960
3921 6972
3922 1961
3923 6973
3924 1962
3925 6974
3926 1963
3927 6975
3928 1964
3929 6976
3930 1965
3931 6977
3932 1966
3933 6978
3934 1967
3935 6979
3936 1968
3937 6980
3938 1969
3939 6981
3940 1970
3941 6982
3942 1971
3943 6983
3944 1972
3945 6984
3946 1973
3947 6985
3948 1974
3949 6986
3950 1975
3951 6987
3952 1976
3953 6988
3954 1977
3955 6989
3956 1978
3957 6990
3958 1979
3959 6991
3960 1980
3961 6992
3962 1981
3963 6993
3964 1982
3965 6994
3966 1983
3967 6995
3968 1984
3969 6996
3970 1985
3971 6997
3972 1986
3973 6998
3974 1987
3975 6999
3976 1988
3977 7000
3978 1989
3979 7001
3980 1990
3981 7002
3982 1991
3983 7003
3984 1992
3985 7004
3986 1993
3987 7005
3988 1994
3989 7006
3990 1995
3991 7007
3992 1996
3993 7008
3994 1997
3995 7009
3996 1998
3997 7010
3998 1999
3999 7011
4000 2000
4001 7012
4002 2001
4003 7013
4004 2002
4005 7014
4006 2003
4007 7015
4008 2004
4009 7016
4010 2005
4011 7017
4012 2006
4013 7018
4014 2007
4015 7019
4016 2008
4017 7020
4018 2009
4019 7021
4020 2010
4021 7022
4022 2011
4023 7023
4024 2012
4025 7024
4026 2013
4027 7025
4028 2014
4029 7026
4030 2015
4031 7027
4032 2016
4033 7028
4034 2017
4035 7029
4036 2018
4037 7030
4038 2019
4039 7031
4040 2020
4041 7032
4042 2021
4043 7033
4044 2022
4045 7034
4046 2023
4047 7035
4048 2024
4049 7036
4050 2025
4051 7037
4052 2026
4053 7038
4054 2027
4055 7039
4056 2028
4057 7040
4058 2029
4059 7041
4060 2030
4061 7042
4062 2031
4063 7043
4064 2032
4065 7044
4066 2033
4067 7045
4068 2034
4069 7046
4070 2035
4071 7047
4072 2036
4073 7048
4074 2037
4075 7049
4076 2038
4077 7050
4078 2039
4079 7051
4080 2040
4081 7052
4082 2041
4083 7053
4084 2042
4085 7054
4086 2043
4087 7055
4088 2044
4089 7056
4090 2045
4091 7057
4092 2046
4093 7058
4094 2047
4095 7059
4096 2048
4097 7060
4098 2049
4099 7061
4100 2050
4101 7062
4102 2051
4103 7063
4104 2052
4105 7064
4106 2053
4107 7065
4108 2054
4109 7066
4110 2055
4111 7067
4112 2056
4113 7068
4114 2057
4115 7069
4116 2058
4117 7070
4118 2059
4119 7071
4120 2060
4121 7072
4122 2061
4123 7073
4124 2062
4125 7074
4126 2063
4127 7075
4128 2064
4129 7076
4130 2065
4131 7077
4132 2066
4133 7078
4134 2067
4135 7079
4136 2068
4137 7080
4138 2069
4139 7081
4140 2070
4141 7082
4142 2071
4143 7083
4144 2072
4145 7084
4146 2073
4147 7085
4148 2074
4149 7086
4150 2075
4151 7087
4152 2076
4153 7088
4154 2077
4155 7089
4156 2078
4157 7090
4158 2079
4159 7091
4160 2080
4161 7092
4162 2081
4163 7093
4164 2082
4165 7094
4166 2083
4167 7095
4168 2084
4169 7096
4170 2085
4171 7097
4172 2086
4173 7098
4174 2087
4175 7099
4176 2088
4177 7100
4178 2089
4179 7101
4180 2090
4181 7102
4182 2091
4183 7103
4184 2092
4185 7104
4186 2093
4187 7105
4188 2094
4189 7106
4190 2095
4191 7107
4192 2096
4193 7108
4194 2097
4195 7109
4196 2098
4197 7110
4198 2099
4199 7111
4200 2100
4201 7112
4202 2101
4203 7113
4204 2102
4205 7114
4206 2103
4207 7115
4208 2104
4209 7116
4210 2105
4211 7117
4212 2106
4213 7118
4214 2107
4215 7119
4216 2108
4217 7120
4218 2109
4219 7121
4220 2110
4221 7122
4222 2111
4223 7123
4224 2112
4225 7124
4226 2113
4227 7125
4228 2114
4229 7126
4230 2115
4231 7127
4232 2116
4233 7128
4234 2117
4235 7129
4236 2118
4237 7130
4238 2119
4239 7131
4240 2120
4241 7132
4242 2121
4243 7133
4244 2122
4245 7134
4246 2123
4247 7135
4248 2124
4249 7136
4250 2125
4251 7137
4252 2126
4253 7138
4254 2127
4255 7139
4256 2128
4257 7140
4258 2129
4259 7141
4260 2130
4261 7142
4262 2131
4263 7143
4264 2132
4265 7144
4266 2133
4267 7145
4268 2134
4269 7146
4270 2135
4271 7147
4272 2136
4273 7148
4274 2137
4275 7149
4276 2138
4277 7150
4278 2139
4279 7151
4280 2140
4281 7152
4282 2141
4283 7153
4284 2142
4285 7154
4286 2143
4287 7155
4288 2144
4289 7156
4290 2145
4291 7157
4292 2146
4293 7158
4294 2147
4295 7159
4296 2148
4297 7160
4298 2149
4299 7161
4300 2150
4301 7162
4302 2151
4303 7163
4304 2152
4305 7164
4306 2153
4307 7165
4308 2154
4309 7166
4310 2155
4311 7167
4312 2156
4313 7168
4314 2157
4315 7169
4316 2158
4317 7170
4318 2159
4319 7171
4320 2160
4321 7172
4322 2161
4323 7173
4324 2162
4325 7174
4326 2163
4327 7175
4328 2164
4329 7176
4330 2165
4331 7177
4332 2166
4333 7178
4334 2167
4335 7179
4336 2168
4337 7180
4338 2169
4339 7181
4340 2170
4341 7182
4342 2171
4343 7183
4344 2172
4345 7184
4346 2173
4347 7185
4348 2174
4349 7186
4350 2175
4351 7187
4352 2176
4353 7188
4354 2177
4355 7189
4356 2178
4357 7190
4358 2179
4359 7191
4360 2180
4361 7192
4362 2181
4363 7193
4364 2182
4365 7194
4366 2183
4367 7195
4368 2184
4369 7196
4370 2185
4371 7197
4372 2186
4373 7198
4374 2187
4375 7199
4376 2188
4377 7200
4378 2189
4379 7201
4380 2190
4381 7202
4382 2191
4383 7203
4384 2192
4385 7204
4386 2193
4387 7205
4388 2194
4389 7206
4390 2195
4391 7207
4392 2196
4393 7208
4394 2197
4395 7209
4396 2198
4397 7210
4398 2199
4399 7211
4400 2200
4401 7212
4402 2201
4403 7213
4404 2202
4405 7214
4406 2203
4407 7215
4408 2204
4409 7216
4410 2205
4411 7217
4412 2206
4413 7218
4414 2207
4415 7219
4416 2208
4417 7220
4418 2209
4419 7221
4420 2210
4421 7222
4422 2211
4423 7223
4424 2212
4425 7224
4426 2213
4427 7225
4428 2214
4429 7226
4430 2215
4431 7227
4432 2216
4433 7228
4434 2217
4435 7229
4436 2218
4437 7230
4438 2219
4439 7231
4440 2220
4441 7232
4442 2221
4443 7233
4444 2222
4445 7234
4446 2223
4447 7235
4448 2224
4449 7236
4450 2225
4451 7237
4452 2226
4453 7238
4454 2227
4455 7239
4456 2228
4457 7240
4458 2229
4459 7241
4460 2230
4461 7242
4462 2231
4463 7243
4464 2232
4465 7244
4466 2233
4467 7245
4468 2234
4469 7246
4470 2235
4471 7247
4472 2236
4473 7248
4474 2237
4475 7249
4476 2238
4477 7250
4478 2239
4479 7251
4480 2240
4481 7252
4482 2241
4483 7253
4484 2242
4485 7254
4486 2243
4487 7255
4488 2244
4489 7256
4490 2245
4491 7257
4492 2246
4493 7258
4494 2247
4495 7259
4496 2248
4497 7260
4498 2249
4499 7261
4500 2250
4501 7262
4502 2251
4503 7263
4504 2252
4505 7264
4506 2253
4507 7265
4508 2254
4509 7266
4510 2255
4511 7267
4512 2256
4513 7268
4514 2257
4515 7269
4516 2258
4517 7270
4518 2259
4519 7271
4520 2260
4521 7272
4522 2261
4523 7273
4524 2262
4525 7274
4526 2263
4527 7275
4528 2264
4529 7276
4530 2265
4531 7277
4532 2266
4533 7278
4534 2267
4535 7279
4536 2268
4537 7280
4538 2269
4539 7281
4540 2270
4541 7282
4542 2271
4543 7283
4544 2272
4545 7284
4546 2273
4547 7285
4548 2274
4549 7286
4550 2275
4551 7287
4552 2276
4553 7288
4554 2277
4555 7289
4556 2278
4557 7290
4558 2279
4559 7291
4560 2280
4561 7292
4562 2281
4563 7293
4564 2282
4565 7294
4566 2283
4567 7295
4568 2284
4569 7296
4570 2285
4571 7297
4572 2286
4573 7298
4574 2287
4575 7299
4576 2288
4577 7300
4578 2289
4579 7301
4580 2290
4581 7302
4582 2291
4583 7303
4584 2292
4585 7304
4586 2293
4587 7305
4588 2294
4589 7306
4590 2295
4591 7307
4592 2296
4593 7308
4594 2297
4595 7309
4596 2298
4597 7310
4598 2299
4599 7311
4600 2300
4601 7312
4602 2301
4603 7313
4604 2302
4605 7314
4606 2303
4607 7315
4608 2304
4609 7316
4610 2305
4611 7317
4612 2306
4613 7318
4614 2307
4615 7319
4616 2308
4617 7320
4618 2309
4619 7321
4620 2310
4621 7322
4622 2311
4623 7323
4624 2312
4625 7324
4626 2313
4627 7325
4628 2314
4629 7326
4630 2315
4631 7327
4632 2316
4633 7328
4634 2317
4635 7329
4636 2318
4637 7330
4638 2319
4639 7331
4640 2320
4641 7332
4642 2321
4643 7333
4644 2322
4645 7334
4646 2323
4647 7335
4648 2324
4649 7336
4650 2325
4651 7337
4652 2326
4653 7338
4654 2327
4655 7339
4656 2328
4657 7340
4658 2329
4659 7341
4660 2330
4661 7342
4662 2331
4663 7343
4664 2332
4665 7344
4666 2333
4667 7345
4668 2334
4669 7346
4670 2335
4671 7347
4672 2336
4673 7348
4674 2337
4675 7349
4676 2338
4677 7350
4678 2339
4679 7351
4680 2340
4681 7352
4682 2341
4683 7353
4684 2342
4685 7354
4686 2343
4687 7355
4688 2344
4689 7356
4690 2345
4691 7357
4692 2346
4693 7358
4694 2347
4695 7359
4696 2348
4697 7360
4698 2349
4699 7361
4700 2350
4701 7362
4702 2351
4703 7363
4704 2352
4705 7364
4706 2353
4707 7365
4708 2354
4709 7366
4710 2355
4711 7367
4712 2356
4713 7368
4714 2357
4715 7369
4716 2358
4717 7370
4718 2359
4719 7371
4720 2360
4721 7372
4722 2361
4723 7373
4724 2362
4725 7374
4726 2363
4727 7375
4728 2364
4729 7376
4730 2365
4731 7377
4732 2366
4733 7378
4734 2367
4735 7379
4736 2368
4737 7380
4738 2369
4739 7381
4740 2370
4741 7382
4742 2371
4743 7383
4744 2372
4745 7384
4746 2373
4747 7385
4748 2374
4749 7386
4750 2375
4751 7387
4752 2376
4753 7388
4754 2377
4755 7389
4756 2378
4757 7390
4758 2379
4759 7391
4760 2380
4761 7392
4762 2381
4763 7393
4764 2382
4765 7394
4766 2383
4767 7395
4768 2384
4769 7396
4770 2385
4771 7397
4772 2386
4773 7398
4774 2387
4775 7399
4776 2388
4777 7400
4778 2389
4779 7401
4780 2390
4781 7402
4782 2391
4783 7403
4784 2392
4785 7404
4786 2393
4787 7405
4788 2394
4789 7406
4790 2395
4791 7407
4792 2396
4793 7408
4794 2397
4795 7409
4796 2398
4797 7410
4798 2399
4799 7411
4800 2400
4801 7412
4802 2401
4803 7413
4804 2402
4805 7414
4806 2403
4807 7415
4808 2404
4809 7416
4810 2405
4811 7417
4812 2406
4813 7418
4814 2407
4815 7419
4816 2408
4817 7420
4818 2409
4819 7421
4820 2410
4821 7422
4822 2411
4823 7423
4824 2412
4825 7424
4826 2413
4827 7425
4828 2414
4829 7426
4830 2415
4831 7427
4832 2416
4833 7428
4834 2417
4835 7429
4836 2418
4837 7430
4838 2419
4839 7431
4840 2420
4841 7432
4842 2421
4843 7433
4844 2422
4845 7434
4846 2423
4847 7435
4848 2424
4849 7436
4850 2425
4851 7437
4852 2426
4853 7438
4854 2427
4855 7439
4856 2428
4857 7440
4858 2429
4859 7441
4860 2430
4861 7442
4862 2431
4863 7443
4864 2432
4865 7444
4866 2433
4867 7445
4868 2434
4869 7446
4870 2435
4871 7447
4872 2436
4873 7448
4874 2437
4875 7449
4876 2438
4877 7450
4878 2439
4879 7451
4880 2440
4881 7452
4882 2441
4883 7453
4884 2442
4885 7454
4886 2443
4887 7455
4888 2444
4889 7456
4890 2445
4891 7457
4892 2446
4893 7458
4894 2447
4895 7459
4896 2448
4897 7460
4898 2449
4899 7461
4900 2450
4901 7462
4902 2451
4903 7463
4904 2452
4905 7464
4906 2453
4907 7465
4908 2454
4909 7466
4910 2455
4911 7467
4912 2456
4913 7468
4914 2457
4915 7469
4916 2458
4917 7470
4918 2459
4919 7471
4920 2460
4921 7472
4922 2461
4923 7473
4924 2462
4925 7474
4926 2463
4927 7475
4928 2464
4929 7476
4930 2465
4931 7477
4932 2466
4933 7478
4934 2467
4935 7479
4936 2468
4937 7480
4938 2469
4939 7481
4940 2470
4941 7482
4942 2471
4943 7483
4944 2472
4945 7484
4946 2473
4947 7485
4948 2474
4949 7486
4950 2475
4951 7487
4952 2476
4953 7488
4954 2477
4955 7489
4956 2478
4957 7490
4958 2479
4959 7491
4960 2480
4961 7492
4962 2481
4963 7493
4964 2482
4965 7494
4966 2483
4967 7495
4968 2484
4969 7496
4970 2485
4971 7497
4972 2486
4973 7498
4974 2487
4975 7499
4976 2488
4977 7500
4978 2489
4979 7501
4980 2490
4981 7502
4982 2491
4983 7503
4984 2492
4985 7504
4986 2493
4987 7505
4988 2494
4989 7506
4990 2495
4991 7507
4992 2496
4993 7508
4994 2497
4995 7509
4996 2498
4997 7510
4998 2499
4999 7511
5000 2500
5001 7512
5002 2501
5003 7513
5004 2502
5005 7514
5006 2503
5007 7515
5008 2504
5009 7516
5010 2505
5011 7517
5012 2506
5013 7518
5014 2507
5015 7519
5016 2508
5017 7520
5018 2509
5019 7521
5020 2510
5021 7522
5022 2511
5023 7523
5024 2512
5025 7524
5026 2513
5027 7525
5028 2514
5029 7526
5030 2515
5031 7527
5032 2516
5033 7528
5034 2517
5035 7529
5036 2518
5037 7530
5038 2519
5039 7531
5040 2520
5041 7532
5042 2521
5043 7533
5044 2522
5045 7534
5046 2523
5047 7535
5048 2524
5049 7536
5050 2525
5051 7537
5052 2526
5053 7538
5054 2527
5055 7539
5056 2528
5057 7540
5058 2529
5059 7541
5060 2530
5061 7542
5062 2531
5063 7543
5064 2532
5065 7544
5066 2533
5067 7545
5068 2534
5069 7546
5070 2535
5071 7547
5072 2536
5073 7548
5074 2537
5075 7549
5076 2538
5077 7550
5078 2539
5079 7551
5080 2540
5081 7552
5082 2541
5083 7553
5084 2542
5085 7554
5086 2543
5087 7555
5088 2544
5089 7556
5090 2545
5091 7557
5092 2546
5093 7558
5094 2547
5095 7559
5096 2548
5097 7560
5098 2549
5099 7561
5100 2550
5101 7562
5102 2551
5103 7563
5104 2552
5105 7564
5106 2553
5107 7565
5108 2554
5109 7566
5110 2555
5111 7567
5112 2556
5113 7568
5114 2557
5115 7569
5116 2558
5117 7570
5118 2559
5119 7571
5120 2560
5121 7572
5122 2561
5123 7573
5124 2562
5125 7574
5126 2563
5127 7575
5128 2564
5129 7576
5130 2565
5131 7577
5132 2566
5133 7578
5134 2567
5135 7579
5136 2568
5137 7580
5138 2569
5139 7581
5140 2570
5141 7582
5142 2571
5143 7583
5144 2572
5145 7584
5146 2573
5147 7585
5148 2574
5149 7586
5150 2575
5151 7587
5152 2576
5153 7588
5154 2577
5155 7589
5156 2578
5157 7590
5158 2579
5159 7591
5160 2580
5161 7592
5162 2581
5163 7593
5164 2582
5165 7594
5166 2583
5167 7595
5168 2584
5169 7596
5170 2585
5171 7597
5172 2586
5173 7598
5174 2587
5175 7599
5176 2588
5177 7600
5178 2589
5179 7601
5180 2590
5181 7602
5182 2591
5183 7603
5184 2592
5185 7604
5186 2593
5187 7605
5188 2594
5189 7606
5190 2595
5191 7607
5192 2596
5193 7608
5194 2597
5195 7609
5196 2598
5197 7610
5198 2599
5199 7611
5200 2600
5201 7612
5202 2601
5203 7613
5204 2602
5205 7614
5206 2603
5207 7615
5208 2604
5209 7616
5210 2605
5211 7617
5212 2606
5213 7618
5214 2607
5215 7619
5216 2608
5217 7620
5218 2609
5219 7621
5220 2610
5221 7622
5222 2611
5223 7623
5224 2612
5225 7624
5226 2613
5227 7625
5228 2614
5229 7626
5230 2615
5231 7627
5232 2616
5233 7628
5234 2617
5235 7629
5236 2618
5237 7630
5238 2619
5239 7631
5240 2620
5241 7632
5242 2621
5243 7633
5244 2622
5245 7634
5246 2623
5247 7635
5248 2624
5249 7636
5250 2625
5251 7637
5252 2626
5253 7638
5254 2627
5255 7639
5256 2628
5257 7640
5258 2629
5259 7641
5260 2630
5261 7642
5262 2631
5263 7643
5264 2632
5265 7644
5266 2633
5267 7645
5268 2634
5269 7646
5270 2635
5271 7647
5272 2636
5273 7648
5274 2637
5275 7649
5276 2638
5277 7650
5278 2639
5279 7651
5280 2640
5281 7652
5282 2641
5283 7653
5284 2642
5285 7654
5286 2643
5287 7655
5288 2644
5289 7656
5290 2645
5291 7657
5292 2646
5293 7658
5294 2647
5295 7659
5296 2648
5297 7660
5298 2649
5299 7661
5300 2650
5301 7662
5302 2651
5303 7663
5304 2652
5305 7664
5306 2653
5307 7665
5308 2654
5309 7666
5310 2655
5311 7667
5312 2656
5313 7668
5314 2657
5315 7669
5316 2658
5317 7670
5318 2659
5319 7671
5320 2660
5321 7672
5322 2661
5323 7673
5324 2662
5325 7674
5326 2663
5327 7675
5328 2664
5329 7676
5330 2665
5331 7677
5332 2666
5333 7678
5334 2667
5335 7679
5336 2668
5337 7680
5338 2669
5339 7681
5340 2670
5341 7682
5342 2671
5343 7683
5344 2672
5345 7684
5346 2673
5347 7685
5348 2674
5349 7686
5350 2675
5351 7687
5352 2676
5353 7688
5354 2677
5355 7689
5356 2678
5357 7690
5358 2679
5359 7691
5360 2680
5361 7692
5362 2681
5363 7693
5364 2682
5365 7694
5366 2683
5367 7695
5368 2684
5369 7696
5370 2685
5371 7697
5372 2686
5373 7698
5374 2687
5375 7699
5376 2688
5377 7700
5378 2689
5379 7701
5380 2690
5381 7702
5382 2691
5383 7703
5384 2692
5385 7704
5386 2693
5387 7705
5388 2694
5389 7706
5390 2695
5391 7707
5392 2696
5393 7708
5394 2697
5395 7709
5396 2698
5397 7710
5398 2699
5399 7711
5400 2700
5401 7712
5402 2701
5403 7713
5404 2702
5405 7714
5406 2703
5407 7715
5408 2704
5409 7716
5410 2705
5411 7717
5412 2706
5413 7718
5414 2707
5415 7719
5416 2708
5417 7720
5418 2709
5419 7721
5420 2710
5421 7722
5422 2711
5423 7723
5424 2712
5425 7724
5426 2713
5427 7725
5428 2714
5429 7726
5430 2715
5431 7727
5432 2716
5433 7728
5434 2717
5435 7729
5436 2718
5437 7730
5438 2719
5439 7731
5440 2720
5441 7732
5442 2721
5443 7733
5444 2722
5445 7734
5446 2723
5447 7735
5448 2724
5449 7736
5450 2725
5451 7737
5452 2726
5453 7738
5454 2727
5455 7739
5456 2728
5457 7740
5458 2729
5459 7741
5460 2730
5461 7742
5462 2731
5463 7743
5464 2732
5465 7744
5466 2733
5467 7745
5468 2734
5469 7746
5470 2735
5471 7747
5472 2736
5473 7748
5474 2737
5475 7749
5476 2738
5477 7750
5478 2739
5479 7751
5480 2740
5481 7752
5482 2741
5483 7753
5484 2742
5485 7754
5486 2743
5487 7755
5488 2744
5489 7756
5490 2745
5491 7757
5492 2746
5493 7758
5494 2747
5495 7759
5496 2748
5497 7760
5498 2749
5499 7761
5500 2750
5501 7762
5502 2751
5503 7763
5504 2752
5505 7764
5506 2753
5507 7765
5508 2754
5509 7766
5510 2755
5511 7767
5512 2756
5513 7768
5514 2757
5515 7769
5516 2758
5517 7770
5518 2759
5519 7771
5520 2760
5521 7772
5522 2761
5523 7773
5524 2762
5525 7774
5526 2763
5527 7775
5528 2764
5529 7776
5530 2765
5531 7777
5532 2766
5533 7778
5534 2767
5535 7779
5536 2768
5537 7780
5538 2769
5539 7781
5540 2770
5541 7782
5542 2771
5543 7783
5544 2772
5545 7784
5546 2773
5547 7785
5548 2774
5549 7786
5550 2775
5551 7787
5552 2776
5553 7788
5554 2777
5555 7789
5556 2778
5557 7790
5558 2779
5559 7791
5560 2780
5561 7792
5562 2781
5563 7793
5564 2782
5565 7794
5566 2783
5567 7795
5568 2784
5569 7796
5570 2785
5571 7797
5572 2786
5573 7798
5574 2787
5575 7799
5576 2788
5577 7800
5578 2789
5579 7801
5580 2790
5581 7802
5582 2791
5583 7803
5584 2792
5585 7804
5586 2793
5587 7805
5588 2794
5589 7806
5590 2795
5591 7807
5592 2796
5593 7808
5594 2797
5595 7809
5596 2798
5597 7810
5598 2799
5599 7811
5600 2800
5601 7812
5602 2801
5603 7813
5604 2802
5605 7814
5606 2803
5607 7815
5608 2804
5609 7816
5610 2805
5611 7817
5612 2806
5613 7818
5614 2807
5615 7819
5616 2808
5617 7820
5618 2809
5619 7821
5620 2810
5621 7822
5622 2811
5623 7823
5624 2812
5625 7824
5626 2813
5627 7825
5628 2814
5629 7826
5630 2815
5631 7827
5632 2816
5633 7828
5634 2817
5635 7829
5636 2818
5637 7830
5638 2819
5639 7831
5640 2820
5641 7832
5642 2821
5643 7833
5644 2822
5645 7834
5646 2823
5647 7835
5648 2824
5649 7836
5650 2825
5651 7837
5652 2826
5653 7838
5654 2827
5655 7839
5656 2828
5657 7840
5658 2829
5659 7841
5660 2830
5661 7842
5662 2831
5663 7843
5664 2832
5665 7844
5666 2833
5667 7845
5668 2834
5669 7846
5670 2835
5671 7847
5672 2836
5673 7848
5674 2837
5675 7849
5676 2838
5677 7850
5678 2839
5679 7851
5680 2840
5681 7852
5682 2841
5683 7853
5684 2842
5685 7854
5686 2843
5687 7855
5688 2844
5689 7856
5690 2845
5691 7857
5692 2846
5693 7858
5694 2847
5695 7859
5696 2848
5697 7860
5698 2849
5699 7861
5700 2850
5701 7862
5702 2851
5703 7863
5704 2852
5705 7864
5706 2853
5707 7865
5708 2854
5709 7866
5710 2855
5711 7867
5712 2856
5713 7868
5714 2857
5715 7869
5716 2858
5717 7870
5718 2859
5719 7871
5720 2860
5721 7872
5722 2861
5723 7873
5724 2862
5725 7874
5726 2863
5727 7875
5728 2864
5729 7876
5730 2865
5731 7877
5732 2866
5733 7878
5734 2867
5735 7879
5736 2868
5737 7880
5738 2869
5739 7881
5740 2870
5741 7882
5742 2871
5743 7883
5744 2872
5745 7884
5746 2873
5747 7885
5748 2874
5749 7886
5750 2875
5751 7887
5752 2876
5753 7888
5754 2877
5755 7889
5756 2878
5757 7890
5758 2879
5759 7891
5760 2880
5761 7892
5762 2881
5763 7893
5764 2882
5765 7894
5766 2883
5767 7895
5768 2884
5769 7896
5770 2885
5771 7897
5772 2886
5773 7898
5774 2887
5775 7899
5776 2888
5777 7900
5778 2889
5779 7901
5780 2890
5781 7902
5782 2891
5783 7903
5784 2892
5785 7904
5786 2893
5787 7905
5788 2894
5789 7906
5790 2895
5791 7907
5792 2896
5793 7908
5794 2897
5795 7909
5796 2898
5797 7910
5798 2899
5799 7911
5800 2900
5801 7912
5802 2901
5803 7913
5804 2902
5805 7914
5806 2903
5807 7915
5808 2904
5809 7916
5810 2905
5811 7917
5812 2906
5813 7918
5814 2907
5815 7919
5816 2908
5817 7920
5818 2909
5819 7921
5820 2910
5821 7922
5822 2911
5823 7923
5824 2912
5825 7924
5826 2913
5827 7925
5828 2914
5829 7926
5830 2915
5831 7927
5832 2916
5833 7928
5834 2917
5835 7929
5836 2918
5837 7930
5838 2919
5839 7931
5840 2920
5841 7932
5842 2921
5843 7933
5844 2922
5845 7934
5846 2923
5847 7935
5848 2924
5849 7936
5850 2925
5851 7937
5852 2926
5853 7938
5854 2927
5855 7939
5856 2928
5857 7940
5858 2929
5859 7941
5860 2930
5861 7942
5862 2931
5863 7943
5864 2932
5865 7944
5866 2933
5867 7945
5868 2934
5869 7946
5870 2935
5871 7947
5872 2936
5873 7948
5874 2937
5875 7949
5876 2938
5877 7950
5878 2939
5879 7951
5880 2940
5881 7952
5882 2941
5883 7953
5884 2942
5885 7954
5886 2943
5887 7955
5888 2944
5889 7956
5890 2945
5891 7957
5892 2946
5893 7958
5894 2947
5895 7959
5896 2948
5897 7960
5898 2949
5899 7961
5900 2950
5901 7962
5902 2951
5903 7963
5904 2952
5905 7964
5906 2953
5907 7965
5908 2954
5909 7966
5910 2955
5911 7967
5912 2956
5913 7968
5914 2957
5915 7969
5916 2958
5917 7970
5918 2959
5919 7971
5920 2960
5921 7972
5922 2961
5923 7973
5924 2962
5925 7974
5926 2963
5927 7975
5928 2964
5929 7976
5930 2965
5931 7977
5932 2966
5933 7978
5934 2967
5935 7979
5936 2968
5937 7980
5938 2969
5939 7981
5940 2970
5941 7982
5942 2971
5943 7983
5944 2972
5945 7984
5946 2973
5947 7985
5948 2974
5949 7986
5950 2975
5951 7987
5952 2976
5953 7988
5954 2977
5955 7989
5956 2978
5957 7990
5958 2979
5959 7991
5960 2980
5961 7992
5962 2981
5963 7993
5964 2982
5965 7994
5966 2983
5967 7995
5968 2984
5969 7996
5970 2985
5971 7997
5972 2986
5973 7998
5974 2987
5975 7999
5976 2988
5977 8000
5978 2989
5979 8001
5980 2990
5981 8002
5982 2991
5983 8003
5984 2992
5985 8004
5986 2993
5987 8005
5988 2994
5989 8006
5990 2995
5991 8007
5992 2996
5993 8008
5994 2997
5995 8009
5996 2998
5997 8010
5998 2999
5999 8011
6000 3000
6001 8012
6002 3001
6003 8013
6004 3002
6005 8014
6006 3003
6007 8015
6008 3004
6009 8016
6010 3005
6011 8017
6012 3006
6013 8018
6014 3007
6015 8019
6016 3008
6017 8020
6018 3009
6019 8021
6020 3010
6021 8022
6022 3011
6023 8023
6024 3012
6025 8024
6026 3013
6027 8025
6028 3014
6029 8026
6030 3015
6031 8027
6032 3016
6033 8028
6034 3017
6035 8029
6036 3018
6037 8030
6038 3019
6039 8031
6040 3020
6041 8032
6042 3021
6043 8033
6044 3022
6045 8034
6046 3023
6047 8035
6048 3024
6049 8036
6050 3025
6051 8037
6052 3026
6053 8038
6054 3027
6055 8039
6056 3028
6057 8040
6058 3029
6059 8041
6060 3030
6061 8042
6062 3031
6063 8043
6064 3032
6065 8044
6066 3033
6067 8045
6068 3034
6069 8046
6070 3035
6071 8047
6072 3036
6073 8048
6074 3037
6075 8049
6076 3038
6077 8050
6078 3039
6079 8051
6080 3040
6081 8052
6082 3041
6083 8053
6084 3042
6085 8054
6086 3043
6087 8055
6088 3044
6089 8056
6090 3045
6091 8057
6092 3046
6093 8058
6094 3047
6095 8059
6096 3048
6097 8060
6098 3049
6099 8061
6100 3050
6101 8062
6102 3051
6103 8063
6104 3052
6105 8064
6106 3053
6107 8065
6108 3054
6109 8066
6110 3055
6111 8067
6112 3056
6113 8068
6114 3057
6115 8069
6116 3058
6117 8070
6118 3059
6119 8071
6120 3060
6121 8072
6122 3061
6123 8073
6124 3062
6125 8074
6126 3063
6127 8075
6128 3064
6129 8076
6130 3065
6131 8077
6132 3066
6133 8078
6134 3067
6135 8079
6136 3068
6137 8080
6138 3069
6139 8081
6140 3070
6141 8082
6142 3071
6143 8083
6144 3072
6145 8084
6146 3073
6147 8085
6148 3074
6149 8086
6150 3075
6151 8087
6152 3076
6153 8088
6154 3077
6155 8089
6156 3078
6157 8090
6158 3079
6159 8091
6160 3080
6161 8092
6162 3081
6163 8093
6164 3082
6165 8094
6166 3083
6167 8095
6168 3084
6169 8096
6170 3085
6171 8097
6172 3086
6173 8098
6174 3087
6175 8099
6176 3088
6177 8100
6178 3089
6179 8101
6180 3090
6181 8102
6182 3091
6183 8103
6184 3092
6185 8104
6186 3093
6187 8105
6188 3094
6189 8106
6190 3095
6191 8107
6192 3096
6193 8108
6194 3097
6195 8109
6196 3098
6197 8110
6198 3099
6199 8111
6200 3100
6201 8112
6202 3101
6203 8113
6204 3102
6205 8114
6206 3103
6207 8115
6208 3104
6209 8116
6210 3105
6211 8117
6212 3106
6213 8118
6214 3107
6215 8119
6216 3108
6217 8120
6218 3109
6219 8121
6220 3110
6221 8122
6222 3111
6223 8123
6224 3112
6225 8124
6226 3113
6227 8125
6228 3114
6229 8126
6230 3115
6231 8127
6232 3116
6233 8128
6234 3117
6235 8129
6236 3118
6237 8130
6238 3119
6239 8131
6240 3120
6241 8132
6242 3121
6243 8133
6244 3122
6245 8134
6246 3123
6247 8135
6248 3124
6249 8136
6250 3125
6251 8137
6252 3126
6253 8138
6254 3127
6255 8139
6256 3128
6257 8140
6258 3129
6259 8141
6260 3130
6261 8142
6262 3131
6263 8143
6264 3132
6265 8144
6266 3133
6267 8145
6268 3134
6269 8146
6270 3135
6271 8147
6272 3136
6273 8148
6274 3137
6275 8149
6276 3138
6277 8150
6278 3139
6279 8151
6280 3140
6281 8152
6282 3141
6283 8153
6284 3142
6285 8154
6286 3143
6287 8155
6288 3144
6289 8156
6290 3145
6291 8157
6292 3146
6293 8158
6294 3147
6295 8159
6296 3148
6297 8160
6298 3149
6299 8161
6300 3150
6301 8162
6302 3151
6303 8163
6304 3152
6305 8164
6306 3153
6307 8165
6308 3154
6309 8166
6310 3155
6311 8167
6312 3156
6313 8168
6314 3157
6315 8169
6316 3158
6317 8170
6318 3159
6319 8171
6320 3160
6321 8172
6322 3161
6323 8173
6324 3162
6325 8174
6326 3163
6327 8175
6328 3164
6329 8176
6330 3165
6331 8177
6332 3166
6333 8178
6334 3167
6335 8179
6336 3168
6337 8180
6338 3169
6339 8181
6340 3170
6341 8182
6342 3171
6343 8183
6344 3172
6345 8184
6346 3173
6347 8185
6348 3174
6349 8186
6350 3175
6351 8187
6352 3176
6353 8188
6354 3177
6355 8189
6356 3178
6357 8190
6358 3179
6359 8191
6360 3180
6361 8192
6362 3181
6363 8193
6364 3182
6365 8194
6366 3183
6367 8195
6368 3184
6369 8196
6370 3185
6371 8197
6372 3186
6373 8198
6374 3187
6375 8199
6376 3188
6377 8200
6378 3189
6379 8201
6380 3190
6381 8202
6382 3191
6383 8203
6384 3192
6385 8204
6386 3193
6387 8205
6388 3194
6389 8206
6390 3195
6391 8207
6392 3196
6393 8208
6394 3197
6395 8209
6396 3198
6397 8210
6398 3199
6399 8211
6400 3200
6401 8212
6402 3201
6403 8213
6404 3202
6405 8214
6406 3203
6407 8215
6408 3204
6409 8216
6410 3205
6411 8217
6412 3206
6413 8218
6414 3207
6415 8219
6416 3208
6417 8220
6418 3209
6419 8221
6420 3210
6421 8222
6422 3211
6423 8223
6424 3212
6425 8224
6426 3213
6427 8225
6428 3214
6429 8226
6430 3215
6431 8227
6432 3216
6433 8228
6434 3217
6435 8229
6436 3218
6437 8230
6438 3219
6439 8231
6440 3220
6441 8232
6442 3221
6443 8233
6444 3222
6445 8234
6446 3223
6447 8235
6448 3224
6449 8236
6450 3225
6451 8237
6452 3226
6453 8238
6454 3227
6455 8239
6456 3228
6457 8240
6458 3229
6459 8241
6460 3230
6461 8242
6462 3231
6463 8243
6464 3232
6465 8244
6466 3233
6467 8245
6468 3234
6469 8246
6470 3235
6471 8247
6472 3236
6473 8248
6474 3237
6475 8249
6476 3238
6477 8250
6478 3239
6479 8251
6480 3240
6481 8252
6482 3241
6483 8253
6484 3242
6485 8254
6486 3243
6487 8255
6488 3244
6489 8256
6490 3245
6491 8257
6492 3246
6493 8258
6494 3247
6495 8259
6496 3248
6497 8260
6498 3249
6499 8261
6500 3250
6501 8262
6502 3251
6503 8263
6504 3252
6505 8264
6506 3253
6507 8265
6508 3254
6509 8266
6510 3255
6511 8267
6512 3256
6513 8268
6514 3257
6515 8269
6516 3258
6517 8270
6518 3259
6519 8271
6520 3260
6521 8272
6522 3261
6523 8273
6524 3262
6525 8274
6526 3263
6527 8275
6528 3264
6529 8276
6530 3265
6531 8277
6532 3266
6533 8278
6534 3267
6535 8279
6536 3268
6537 8280
6538 3269
6539 8281
6540 3270
6541 8282
6542 3271
6543 8283
6544 3272
6545 8284
6546 3273
6547 8285
6548 3274
6549 8286
6550 3275
6551 8287
6552 3276
6553 8288
6554 3277
6555 8289
6556 3278
6557 8290
6558 3279
6559 8291
6560 3280
6561 8292
6562 3281
6563 8293
6564 3282
6565 8294
6566 3283
6567 8295
6568 3284
6569 8296
6570 3285
6571 8297
6572 3286
6573 8298
6574 3287
6575 8299
6576 3288
6577 8300
6578 3289
6579 8301
6580 3290
6581 8302
6582 3291
6583 8303
6584 3292
6585 8304
6586 3293
6587 8305
6588 3294
6589 8306
6590 3295
6591 8307
6592 3296
6593 8308
6594 3297
6595 8309
6596 3298
6597 8310
6598 3299
6599 8311
6600 3300
6601 8312
6602 3301
6603 8313
6604 3302
6605 8314
6606 3303
6607 8315
6608 3304
6609 8316
6610 3305
6611 8317
6612 3306
6613 8318
6614 3307
6615 8319
6616 3308
6617 8320
6618 3309
6619 8321
6620 3310
6621 8322
6622 3311
6623 8323
6624 3312
6625 8324
6626 3313
6627 8325
6628 3314
6629 8326
6630 3315
6631 8327
6632 3316
6633 8328
6634 3317
6635 8329
6636 3318
6637 8330
6638 3319
6639 8331
6640 3320
6641 8332
6642 3321
6643 8333
6644 3322
6645 8334
6646 3323
6647 8335
6648 3324
6649 8336
6650 3325
6651 8337
6652 3326
6653 8338
6654 3327
6655 8339
6656 3328
6657 8340
6658 3329
6659 8341
6660 3330
6661 8342
6662 3331
6663 8343
6664 3332
6665 8344
6666 3333
6667 8345
6668 3334
6669 8346
6670 3335
6671 8347
6672 3336
6673 8348
6674 3337
6675 8349
6676 3338
6677 8350
6678 3339
6679 8351
6680 3340
6681 8352
6682 3341
6683 8353
6684 3342
6685 8354
6686 3343
6687 8355
6688 3344
6689 8356
6690 3345
6691 8357
6692 3346
6693 8358
6694 3347
6695 8359
6696 3348
6697 8360
6698 3349
6699 8361
6700 3350
6701 8362
6702 3351
6703 8363
6704 3352
6705 8364
6706 3353
6707 8365
6708 3354
6709 8366
6710 3355
6711 8367
6712 3356
6713 8368
6714 3357
6715 8369
6716 3358
6717 8370
6718 3359
6719 8371
6720 3360
6721 8372
6722 3361
6723 8373
6724 3362
6725 8374
6726 3363
6727 8375
6728 3364
6729 8376
6730 3365
6731 8377
6732 3366
6733 8378
6734 3367
6735 8379
6736 3368
6737 8380
6738 3369
6739 8381
6740 3370
6741 8382
6742 3371
6743 8383
6744 3372
6745 8384
6746 3373
6747 8385
6748 3374
6749 8386
6750 3375
6751 8387
6752 3376
6753 8388
6754 3377
6755 8389
6756 3378
6757 8390
6758 3379
6759 8391
6760 3380
6761 8392
6762 3381
6763 8393
6764 3382
6765 8394
6766 3383
6767 8395
6768 3384
6769 8396
6770 3385
6771 8397
6772 3386
6773 8398
6774 3387
6775 8399
6776 3388
6777 8400
6778 3389
6779 8401
6780 3390
6781 8402
6782 3391
6783 8403
6784 3392
6785 8404
6786 3393
6787 8405
6788 3394
6789 8406
6790 3395
6791 8407
6792 3396
6793 8408
6794 3397
6795 8409
6796 3398
6797 8410
6798 3399
6799 8411
6800 3400
6801 8412
6802 3401
6803 8413
6804 3402
6805 8414
6806 3403
6807 8415
6808 3404
6809 8416
6810 3405
6811 8417
6812 3406
6813 8418
6814 3407
6815 8419
6816 3408
6817 8420
6818 3409
6819 8421
6820 3410
6821 8422
6822 3411
6823 8423
6824 3412
6825 8424
6826 3413
6827 8425
6828 3414
6829 8426
6830 3415
6831 8427
6832 3416
6833 8428
6834 3417
6835 8429
6836 3418
6837 8430
6838 3419
6839 8431
6840 3420
6841 8432
6842 3421
6843 8433
6844 3422
6845 8434
6846 3423
6847 8435
6848 3424
6849 8436
6850 3425
6851 8437
6852 3426
6853 8438
6854 3427
6855 8439
6856 3428
6857 8440
6858 3429
6859 8441
6860 3430
6861 8442
6862 3431
6863 8443
6864 3432
6865 8444
6866 3433
6867 8445
6868 3434
6869 8446
6870 3435
6871 8447
6872 3436
6873 8448
6874 3437
6875 8449
6876 3438
6877 8450
6878 3439
6879 8451
6880 3440
6881 8452
6882 3441
6883 8453
6884 3442
6885 8454
6886 3443
6887 8455
6888 3444
6889 8456
6890 3445
6891 8457
6892 3446
6893 8458
6894 3447
6895 8459
6896 3448
6897 8460
6898 3449
6899 8461
6900 3450
6901 8462
6902 3451
6903 8463
6904 3452
6905 8464
6906 3453
6907 8465
6908 3454
6909 8466
6910 3455
6911 8467
6912 3456
6913 8468
6914 3457
6915 8469
6916 3458
6917 8470
6918 3459
6919 8471
6920 3460
6921 8472
6922 3461
6923 8473
6924 3462
6925 8474
6926 3463
6927 8475
6928 3464
6929 8476
6930 3465
6931 8477
6932 3466
6933 8478
6934 3467
6935 8479
6936 3468
6937 8480
6938 3469
6939 8481
6940 3470
6941 8482
6942 3471
6943 8483
6944 3472
6945 8484
6946 3473
6947 8485
6948 3474
6949 8486
6950 3475
6951 8487
6952 3476
6953 8488
6954 3477
6955 8489
6956 3478
6957 8490
6958 3479
6959 8491
6960 3480
6961 8492
6962 3481
6963 8493
6964 3482
6965 8494
6966 3483
6967 8495
6968 3484
6969 8496
6970 3485
6971 8497
6972 3486
6973 8498
6974 3487
6975 8499
6976 3488
6977 8500
6978 3489
6979 8501
6980 3490
6981 8502
6982 3491
6983 8503
6984 3492
6985 8504
6986 3493
6987 8505
6988 3494
6989 8506
6990 3495
6991 8507
6992 3496
6993 8508
6994 3497
6995 8509
6996 3498
6997 8510
6998 3499
6999 8511
7000 3500
7001 8512
7002 3501
7003 8513
7004 3502
7005 8514
7006 3503
7007 8515
7008 3504
7009 8516
7010 3505
7011 8517
7012 3506
7013 8518
7014 3507
7015 8519
7016 3508
7017 8520
7018 3509
7019 8521
7020 3510
7021 8522
7022 3511
7023 8523
7024 3512
7025 8524
7026 3513
7027 8525
7028 3514
7029 8526
7030 3515
7031 8527
7032 3516
7033 8528
7034 3517
7035 8529
7036 3518
7037 8530
7038 3519
7039 8531
7040 3520
7041 8532
7042 3521
7043 8533
7044 3522
7045 8534
7046 3523
7047 8535
7048 3524
7049 8536
7050 3525
7051 8537
7052 3526
7053 8538
7054 3527
7055 8539
7056 3528
7057 8540
7058 3529
7059 8541
7060 3530
7061 8542
7062 3531
7063 8543
7064 3532
7065 8544
7066 3533
7067 8545
7068 3534
7069 8546
7070 3535
7071 8547
7072 3536
7073 8548
7074 3537
7075 8549
7076 3538
7077 8550
7078 3539
7079 8551
7080 3540
7081 8552
7082 3541
7083 8553
7084 3542
7085 8554
7086 3543
7087 8555
7088 3544
7089 8556
7090 3545
7091 8557
7092 3546
7093 8558
7094 3547
7095 8559
7096 3548
7097 8560
7098 3549
7099 8561
7100 3550
7101 8562
7102 3551
7103 8563
7104 3552
7105 8564
7106 3553
7107 8565
7108 3554
7109 8566
7110 3555
7111 8567
7112 3556
7113 8568
7114 3557
7115 8569
7116 3558
7117 8570
7118 3559
7119 8571
7120 3560
7121 8572
7122 3561
7123 8573
7124 3562
7125 8574
7126 3563
7127 8575
7128 3564
7129 8576
7130 3565
7131 8577
7132 3566
7133 8578
7134 3567
7135 8579
7136 3568
7137 8580
7138 3569
7139 8581
7140 3570
7141 8582
7142 3571
7143 8583
7144 3572
7145 8584
7146 3573
7147 8585
7148 3574
7149 8586
7150 3575
7151 8587
7152 3576
7153 8588
7154 3577
7155 8589
7156 3578
7157 8590
7158 3579
7159 8591
7160 3580
7161 8592
7162 3581
7163 8593
7164 3582
7165 8594
7166 3583
7167 8595
7168 3584
7169 8596
7170 3585
7171 8597
7172 3586
7173 8598
7174 3587
7175 8599
7176 3588
7177 8600
7178 3589
7179 8601
7180 3590
7181 8602
7182 3591
7183 8603
7184 3592
7185 8604
7186 3593
7187 8605
7188 3594
7189 8606
7190 3595
7191 8607
7192 3596
7193 8608
7194 3597
7195 8609
7196 3598
7197 8610
7198 3599
7199 8611
7200 3600
7201 8612
7202 3601
7203 8613
7204 3602
7205 8614
7206 3603
7207 8615
7208 3604
7209 8616
7210 3605
7211 8617
7212 3606
7213 8618
7214 3607
7215 8619
7216 3608
7217 8620
7218 3609
7219 8621
7220 3610
7221 8622
7222 3611
7223 8623
7224 3612
7225 8624
7226 3613
7227 8625
7228 3614
7229 8626
7230 3615
7231 8627
7232 3616
7233 8628
7234 3617
7235 8629
7236 3618
7237 8630
7238 3619
7239 8631
7240 3620
7241 8632
7242 3621
7243 8633
7244 3622
7245 8634
7246 3623
7247 8635
7248 3624
7249 8636
7250 3625
7251 8637
7252 3626
7253 8638
7254 3627
7255 8639
7256 3628
7257 8640
7258 3629
7259 8641
7260 3630
7261 8642
7262 3631
7263 8643
7264 3632
7265 8644
7266 3633
7267 8645
7268 3634
7269 8646
7270 3635
7271 8647
7272 3636
7273 8648
7274 3637
7275 8649
7276 3638
7277 8650
7278 3639
7279 8651
7280 3640
7281 8652
7282 3641
7283 8653
7284 3642
7285 8654
7286 3643
7287 8655
7288 3644
7289 8656
7290 3645
7291 8657
7292 3646
7293 8658
7294 3647
7295 8659
7296 3648
7297 8660
7298 3649
7299 8661
7300 3650
7301 8662
7302 3651
7303 8663
7304 3652
7305 8664
7306 3653
7307 8665
7308 3654
7309 8666
7310 3655
7311 8667
7312 3656
7313 8668
7314 3657
7315 8669
7316 3658
7317 8670
7318 3659
7319 8671
7320 3660
7321 8672
7322 3661
7323 8673
7324 3662
7325 8674
7326 3663
7327 8675
7328 3664
7329 8676
7330 3665
7331 8677
7332 3666
7333 8678
7334 3667
7335 8679
7336 3668
7337 8680
7338 3669
7339 8681
7340 3670
7341 8682
7342 3671
7343 8683
7344 3672
7345 8684
7346 3673
7347 8685
7348 3674
7349 8686
7350 3675
7351 8687
7352 3676
7353 8688
7354 3677
7355 8689
7356 3678
7357 8690
7358 3679
7359 8691
7360 3680
7361 8692
7362 3681
7363 8693
7364 3682
7365 8694
7366 3683
7367 8695
7368 3684
7369 8696
7370 3685
7371 8697
7372 3686
7373 8698
7374 3687
7375 8699
7376 3688
7377 8700
7378 3689
7379 8701
7380 3690
7381 8702
7382 3691
7383 8703
7384 3692
7385 8704
7386 3693
7387 8705
7388 3694
7389 8706
7390 3695
7391 8707
7392 3696
7393 8708
7394 3697
7395 8709
7396 3698
7397 8710
7398 3699
7399 8711
7400 3700
7401 8712
7402 3701
7403 8713
7404 3702
7405 8714
7406 3703
7407 8715
7408 3704
7409 8716
7410 3705
7411 8717
7412 3706
7413 8718
7414 3707
7415 8719
7416 3708
7417 8720
7418 3709
7419 8721
7420 3710
7421 8722
7422 3711
7423 8723
7424 3712
7425 8724
7426 3713
7427 8725
7428 3714
7429 8726
7430 3715
7431 8727
7432 3716
7433 8728
7434 3717
7435 8729
7436 3718
7437 8730
7438 3719
7439 8731
7440 3720
7441 8732
7442 3721
7443 8733
7444 3722
7445 8734
7446 3723
7447 8735
7448 3724
7449 8736
7450 3725
7451 8737
7452 3726
7453 8738
7454 3727
7455 8739
7456 3728
7457 8740
7458 3729
7459 8741
7460 3730
7461 8742
7462 3731
7463 8743
7464 3732
7465 8744
7466 3733
7467 8745
7468 3734
7469 8746
7470 3735
7471 8747
7472 3736
7473 8748
7474 3737
7475 8749
7476 3738
7477 8750
7478 3739
7479 8751
7480 3740
7481 8752
7482 3741
7483 8753
7484 3742
7485 8754
7486 3743
7487 8755
7488 3744
7489 8756
7490 3745
7491 8757
7492 3746
7493 8758
7494 3747
7495 8759
7496 3748
7497 8760
7498 3749
7499 8761
7500 3750
7501 8762
7502 3751
7503 8763
7504 3752
7505 8764
7506 3753
7507 8765
7508 3754
7509 8766
7510 3755
7511 8767
7512 3756
7513 8768
7514 3757
7515 8769
7516 3758
7517 8770
7518 3759
7519 8771
7520 3760
7521 8772
7522 3761
7523 8773
7524 3762
7525 8774
7526 3763
7527 8775
7528 3764
7529 8776
7530 3765
7531 8777
7532 3766
7533 8778
7534 3767
7535 8779
7536 3768
7537 8780
7538 3769
7539 8781
7540 3770
7541 8782
7542 3771
7543 8783
7544 3772
7545 8784
7546 3773
7547 8785
7548 3774
7549 8786
7550 3775
7551 8787
7552 3776
7553 8788
7554 3777
7555 8789
7556 3778
7557 8790
7558 3779
7559 8791
7560 3780
7561 8792
7562 3781
7563 8793
7564 3782
7565 8794
7566 3783
7567 8795
7568 3784
7569 8796
7570 3785
7571 8797
7572 3786
7573 8798
7574 3787
7575 8799
7576 3788
7577 8800
7578 3789
7579 8801
7580 3790
7581 8802
7582 3791
7583 8803
7584 3792
7585 8804
7586 3793
7587 8805
7588 3794
7589 8806
7590 3795
7591 8807
7592 3796
7593 8808
7594 3797
7595 8809
7596 3798
7597 8810
7598 3799
7599 8811
7600 3800
7601 8812
7602 3801
7603 8813
7604 3802
7605 8814
7606 3803
7607 8815
7608 3804
7609 8816
7610 3805
7611 8817
7612 3806
7613 8818
7614 3807
7615 8819
7616 3808
7617 8820
7618 3809
7619 8821
7620 3810
7621 8822
7622 3811
7623 8823
7624 3812
7625 8824
7626 3813
7627 8825
7628 3814
7629 8826
7630 3815
7631 8827
7632 3816
7633 8828
7634 3817
7635 8829
7636 3818
7637 8830
7638 3819
7639 8831
7640 3820
7641 8832
7642 3821
7643 8833
7644 3822
7645 8834
7646 3823
7647 8835
7648 3824
7649 8836
7650 3825
7651 8837
7652 3826
7653 8838
7654 3827
7655 8839
7656 3828
7657 8840
7658 3829
7659 8841
7660 3830
7661 8842
7662 3831
7663 8843
7664 3832
7665 8844
7666 3833
7667 8845
7668 3834
7669 8846
7670 3835
7671 8847
7672 3836
7673 8848
7674 3837
7675 8849
7676 3838
7677 8850
7678 3839
7679 8851
7680 3840
7681 8852
7682 3841
7683 8853
7684 3842
7685 8854
7686 3843
7687 8855
7688 3844
7689 8856
7690 3845
7691 8857
7692 3846
7693 8858
7694 3847
7695 8859
7696 3848
7697 8860
7698 3849
7699 8861
7700 3850
7701 8862
7702 3851
7703 8863
7704 3852
7705 8864
7706 3853
7707 8865
7708 3854
7709 8866
7710 3855
7711 8867
7712 3856
7713 8868
7714 3857
7715 8869
7716 3858
7717 8870
7718 3859
7719 8871
7720 3860
7721 8872
7722 3861
7723 8873
7724 3862
7725 8874
7726 3863
7727 8875
7728 3864
7729 8876
7730 3865
7731 8877
7732 3866
7733 8878
7734 3867
7735 8879
7736 3868
7737 8880
7738 3869
7739 8881
7740 3870
7741 8882
7742 3871
7743 8883
7744 3872
7745 8884
7746 3873
7747 8885
7748 3874
7749 8886
7750 3875
7751 8887
7752 3876
7753 8888
7754 3877
7755 8889
7756 3878
7757 8890
7758 3879
7759 8891
7760 3880
7761 8892
7762 3881
7763 8893
7764 3882
7765 8894
7766 3883
7767 8895
7768 3884
7769 8896
7770 3885
7771 8897
7772 3886
7773 8898
7774 3887
7775 8899
7776 3888
7777 8900
7778 3889
7779 8901
7780 3890
7781 8902
7782 3891
7783 8903
7784 3892
7785 8904
7786 3893
7787 8905
7788 3894
7789 8906
7790 3895
7791 8907
7792 3896
7793 8908
7794 3897
7795 8909
7796 3898
7797 8910
7798 3899
7799 8911
7800 3900
7801 8912
7802 3901
7803 8913
7804 3902
7805 8914
7806 3903
7807 8915
7808 3904
7809 8916
7810 3905
7811 8917
7812 3906
7813 8918
7814 3907
7815 8919
7816 3908
7817 8920
7818 3909
7819 8921
7820 3910
7821 8922
7822 3911
7823 8923
7824 3912
7825 8924
7826 3913
7827 8925
7828 3914
7829 8926
7830 3915
7831 8927
7832 3916
7833 8928
7834 3917
7835 8929
7836 3918
7837 8930
7838 3919
7839 8931
7840 3920
7841 8932
7842 3921
7843 8933
7844 3922
7845 8934
7846 3923
7847 8935
7848 3924
7849 8936
7850 3925
7851 8937
7852 3926
7853 8938
7854 3927
7855 8939
7856 3928
7857 8940
7858 3929
7859 8941
7860 3930
7861 8942
7862 3931
7863 8943
7864 3932
7865 8944
7866 3933
7867 8945
7868 3934
7869 8946
7870 3935
7871 8947
7872 3936
7873 8948
7874 3937
7875 8949
7876 3938
7877 8950
7878 3939
7879 8951
7880 3940
7881 8952
7882 3941
7883 8953
7884 3942
7885 8954
7886 3943
7887 8955
7888 3944
7889 8956
7890 3945
7891 8957
7892 3946
7893 8958
7894 3947
7895 8959
7896 3948
7897 8960
7898 3949
7899 8961
7900 3950
7901 8962
7902 3951
7903 8963
7904 3952
7905 8964
7906 3953
7907 8965
7908 3954
7909 8966
7910 3955
7911 8967
7912 3956
7913 8968
7914 3957
7915 8969
7916 3958
7917 8970
7918 3959
7919 8971
7920 3960
7921 8972
7922 3961
7923 8973
7924 3962
7925 8974
7926 3963
7927 8975
7928 3964
7929 8976
7930 3965
7931 8977
7932 3966
7933 8978
7934 3967
7935 8979
7936 3968
7937 8980
7938 3969
7939 8981
7940 3970
7941 8982
7942 3971
7943 8983
7944 3972
7945 8984
7946 3973
7947 8985
7948 3974
7949 8986
7950 3975
7951 8987
7952 3976
7953 8988
7954 3977
7955 8989
7956 3978
7957 8990
7958 3979
7959 8991
7960 3980
7961 8992
7962 3981
7963 8993
7964 3982
7965 8994
7966 3983
7967 8995
7968 3984
7969 8996
7970 3985
7971 8997
7972 3986
7973 8998
7974 3987
7975 8999
7976 3988
7977 9000
7978 3989
7979 9001
7980 3990
7981 9002
7982 3991
7983 9003
7984 3992
7985 9004
7986 3993
7987 9005
7988 3994
7989 9006
7990 3995
7991 9007
7992 3996
7993 9008
7994 3997
7995 9009
7996 3998
7997 9010
7998 3999
7999 9011
8000 4000
8001 9012
8002 4001
8003 9013
8004 4002
8005 9014
8006 4003
8007 9015
8008 4004
8009 9016
8010 4005
8011 9017
8012 4006
8013 9018
8014 4007
8015 9019
8016 4008
8017 9020
8018 4009
8019 9021
8020 4010
8021 9022
8022 4011
8023 9023
8024 4012
8025 9024
8026 4013
8027 9025
8028 4014
8029 9026
8030 4015
8031 9027
8032 4016
8033 9028
8034 4017
8035 9029
8036 4018
8037 9030
8038 4019
8039 9031
8040 4020
8041 9032
8042 4021
8043 9033
8044 4022
8045 9034
8046 4023
8047 9035
8048 4024
8049 9036
8050 4025
8051 9037
8052 4026
8053 9038
8054 4027
8055 9039
8056 4028
8057 9040
8058 4029
8059 9041
8060 4030
8061 9042
8062 4031
8063 9043
8064 4032
8065 9044
8066 4033
8067 9045
8068 4034
8069 9046
8070 4035
8071 9047
8072 4036
8073 9048
8074 4037
8075 9049
8076 4038
8077 9050
8078 4039
8079 9051
8080 4040
8081 9052
8082 4041
8083 9053
8084 4042
8085 9054
8086 4043
8087 9055
8088 4044
8089 9056
8090 4045
8091 9057
8092 4046
8093 9058
8094 4047
8095 9059
8096 4048
8097 9060
8098 4049
8099 9061
8100 4050
8101 9062
8102 4051
8103 9063
8104 4052
8105 9064
8106 4053
8107 9065
8108 4054
8109 9066
8110 4055
8111 9067
8112 4056
8113 9068
8114 4057
8115 9069
8116 4058
8117 9070
8118 4059
8119 9071
8120 4060
8121 9072
8122 4061
8123 9073
8124 4062
8125 9074
8126 4063
8127 9075
8128 4064
8129 9076
8130 4065
8131 9077
8132 4066
8133 9078
8134 4067
8135 9079
8136 4068
8137 9080
8138 4069
8139 9081
8140 4070
8141 9082
8142 4071
8143 9083
8144 4072
8145 9084
8146 4073
8147 9085
8148 4074
8149 9086
8150 4075
8151 9087
8152 4076
8153 9088
8154 4077
8155 9089
8156 4078
8157 9090
8158 4079
8159 9091
8160 4080
8161 9092
8162 4081
8163 9093
8164 4082
8165 9094
8166 4083
8167 9095
8168 4084
8169 9096
8170 4085
8171 9097
8172 4086
8173 9098
8174 4087
8175 9099
8176 4088
8177 9100
8178 4089
8179 9101
8180 4090
8181 9102
8182 4091
8183 9103
8184 4092
8185 9104
8186 4093
8187 9105
8188 4094
8189 9106
8190 4095
8191 9107
8192 4096
8193 9108
8194 4097
8195 9109
8196 4098
8197 9110
8198 4099
8199 9111
8200 4100
8201 9112
8202 4101
8203 9113
8204 4102
8205 9114
8206 4103
8207 9115
8208 4104
8209 9116
8210 4105
8211 9117
8212 4106
8213 9118
8214 4107
8215 9119
8216 4108
8217 9120
8218 4109
8219 9121
8220 4110
8221 9122
8222 4111
8223 9123
8224 4112
8225 9124
8226 4113
8227 9125
8228 4114
8229 9126
8230 4115
8231 9127
8232 4116
8233 9128
8234 4117
8235 9129
8236 4118
8237 9130
8238 4119
8239 9131
8240 4120
8241 9132
8242 4121
8243 9133
8244 4122
8245 9134
8246 4123
8247 9135
8248 4124
8249 9136
8250 4125
8251 9137
8252 4126
8253 9138
8254 4127
8255 9139
8256 4128
8257 9140
8258 4129
8259 9141
8260 4130
8261 9142
8262 4131
8263 9143
8264 4132
8265 9144
8266 4133
8267 9145
8268 4134
8269 9146
8270 4135
8271 9147
8272 4136
8273 9148
8274 4137
8275 9149
8276 4138
8277 9150
8278 4139
8279 9151
8280 4140
8281 9152
8282 4141
8283 9153
8284 4142
8285 9154
8286 4143
8287 9155
8288 4144
8289 9156
8290 4145
8291 9157
8292 4146
8293 9158
8294 4147
8295 9159
8296 4148
8297 9160
8298 4149
8299 9161
8300 4150
8301 9162
8302 4151
8303 9163
8304 4152
8305 9164
8306 4153
8307 9165
8308 4154
8309 9166
8310 4155
8311 9167
8312 4156
8313 9168
8314 4157
8315 9169
8316 4158
8317 9170
8318 4159
8319 9171
8320 4160
8321 9172
8322 4161
8323 9173
8324 4162
8325 9174
8326 4163
8327 9175
8328 4164
8329 9176
8330 4165
8331 9177
8332 4166
8333 9178
8334 4167
8335 9179
8336 4168
8337 9180
8338 4169
8339 9181
8340 4170
8341 9182
8342 4171
8343 9183
8344 4172
8345 9184
8346 4173
8347 9185
8348 4174
8349 9186
8350 4175
8351 9187
8352 4176
8353 9188
8354 4177
8355 9189
8356 4178
8357 9190
8358 4179
8359 9191
8360 4180
8361 9192
8362 4181
8363 9193
8364 4182
8365 9194
8366 4183
8367 9195
8368 4184
8369 9196
8370 4185
8371 9197
8372 4186
8373 9198
8374 4187
8375 9199
8376 4188
8377 9200
8378 4189
8379 9201
8380 4190
8381 9202
8382 4191
8383 9203
8384 4192
8385 9204
8386 4193
8387 9205
8388 4194
8389 9206
8390 4195
8391 9207
8392 4196
8393 9208
8394 4197
8395 9209
8396 4198
8397 9210
8398 4199
8399 9211
8400 4200
8401 9212
8402 4201
8403 9213
8404 4202
8405 9214
8406 4203
8407 9215
8408 4204
8409 9216
8410 4205
8411 9217
8412 4206
8413 9218
8414 4207
8415 9219
8416 4208
8417 9220
8418 4209
8419 9221
8420 4210
8421 9222
8422 4211
8423 9223
8424 4212
8425 9224
8426 4213
8427 9225
8428 4214
8429 9226
8430 4215
8431 9227
8432 4216
8433 9228
8434 4217
8435 9229
8436 4218
8437 9230
8438 4219
8439 9231
8440 4220
8441 9232
8442 4221
8443 9233
8444 4222
8445 9234
8446 4223
8447 9235
8448 4224
8449 9236
8450 4225
8451 9237
8452 4226
8453 9238
8454 4227
8455 9239
8456 4228
8457 9240
8458 4229
8459 9241
8460 4230
8461 9242
8462 4231
8463 9243
8464 4232
8465 9244
8466 4233
8467 9245
8468 4234
8469 9246
8470 4235
8471 9247
8472 4236
8473 9248
8474 4237
8475 9249
8476 4238
8477 9250
8478 4239
8479 9251
8480 4240
8481 9252
8482 4241
8483 9253
8484 4242
8485 9254
8486 4243
8487 9255
8488 4244
8489 9256
8490 4245
8491 9257
8492 4246
8493 9258
8494 4247
8495 9259
8496 4248
8497 9260
8498 4249
8499 9261
8500 4250
8501 9262
8502 4251
8503 9263
8504 4252
8505 9264
8506 4253
8507 9265
8508 4254
8509 9266
8510 4255
8511 9267
8512 4256
8513 9268
8514 4257
8515 9269
8516 4258
8517 9270
8518 4259
8519 9271
8520 4260
8521 9272
8522 4261
8523 9273
8524 4262
8525 9274
8526 4263
8527 9275
8528 4264
8529 9276
8530 4265
8531 9277
8532 4266
8533 9278
8534 4267
8535 9279
8536 4268
8537 9280
8538 4269
8539 9281
8540 4270
8541 9282
8542 4271
8543 9283
8544 4272
8545 9284
8546 4273
8547 9285
8548 4274
8549 9286
8550 4275
8551 9287
8552 4276
8553 9288
8554 4277
8555 9289
8556 4278
8557 9290
8558 4279
8559 9291
8560 4280
8561 9292
8562 4281
8563 9293
8564 4282
8565 9294
8566 4283
8567 9295
8568 4284
8569 9296
8570 4285
8571 9297
8572 4286
8573 9298
8574 4287
8575 9299
8576 4288
8577 9300
8578 4289
8579 9301
8580 4290
8581 9302
8582 4291
8583 9303
8584 4292
8585 9304
8586 4293
8587 9305
8588 4294
8589 9306
8590 4295
8591 9307
8592 4296
8593 9308
8594 4297
8595 9309
8596 4298
8597 9310
8598 4299
8599 9311
8600 4300
8601 9312
8602 4301
8603 9313
8604 4302
8605 9314
8606 4303
8607 9315
8608 4304
8609 9316
8610 4305
8611 9317
8612 4306
8613 9318
8614 4307
8615 9319
8616 4308
8617 9320
8618 4309
8619 9321
8620 4310
8621 9322
8622 4311
8623 9323
8624 4312
8625 9324
8626 4313
8627 9325
8628 4314
8629 9326
8630 4315
8631 9327
8632 4316
8633 9328
8634 4317
8635 9329
8636 4318
8637 9330
8638 4319
8639 9331
8640 4320
8641 9332
8642 4321
8643 9333
8644 4322
8645 9334
8646 4323
8647 9335
8648 4324
8649 9336
8650 4325
8651 9337
8652 4326
8653 9338
8654 4327
8655 9339
8656 4328
8657 9340
8658 4329
8659 9341
8660 4330
8661 9342
8662 4331
8663 9343
8664 4332
8665 9344
8666 4333
8667 9345
8668 4334
8669 9346
8670 4335
8671 9347
8672 4336
8673 9348
8674 4337
8675 9349
8676 4338
8677 9350
8678 4339
8679 9351
8680 4340
8681 9352
8682 4341
8683 9353
8684 4342
8685 9354
8686 4343
8687 9355
8688 4344
8689 9356
8690 4345
8691 9357
8692 4346
8693 9358
8694 4347
8695 9359
8696 4348
8697 9360
8698 4349
8699 9361
8700 4350
8701 9362
8702 4351
8703 9363
8704 4352
8705 9364
8706 4353
8707 9365
8708 4354
8709 9366
8710 4355
8711 9367
8712 4356
8713 9368
8714 4357
8715 9369
8716 4358
8717 9370
8718 4359
8719 9371
8720 4360
8721 9372
8722 4361
8723 9373
8724 4362
8725 9374
8726 4363
8727 9375
8728 4364
8729 9376
8730 4365
8731 9377
8732 4366
8733 9378
8734 4367
8735 9379
8736 4368
8737 9380
8738 4369
8739 9381
8740 4370
8741 9382
8742 4371
8743 9383
8744 4372
8745 9384
8746 4373
8747 9385
8748 4374
8749 9386
8750 4375
8751 9387
8752 4376
8753 9388
8754 4377
8755 9389
8756 4378
8757 9390
8758 4379
8759 9391
8760 4380
8761 9392
8762 4381
8763 9393
8764 4382
8765 9394
8766 4383
8767 9395
8768 4384
8769 9396
8770 4385
8771 9397
8772 4386
8773 9398
8774 4387
8775 9399
8776 4388
8777 9400
8778 4389
8779 9401
8780 4390
8781 9402
8782 4391
8783 9403
8784 4392
8785 9404
8786 4393
8787 9405
8788 4394
8789 9406
8790 4395
8791 9407
8792 4396
8793 9408
8794 4397
8795 9409
8796 4398
8797 9410
8798 4399
8799 9411
8800 4400
8801 9412
8802 4401
8803 9413
8804 4402
8805 9414
8806 4403
8807 9415
8808 4404
8809 9416
8810 4405
8811 9417
8812 4406
8813 9418
8814 4407
8815 9419
8816 4408
8817 9420
8818 4409
8819 9421
8820 4410
8821 9422
8822 4411
8823 9423
8824 4412
8825 9424
8826 4413
8827 9425
8828 4414
8829 9426
8830 4415
8831 9427
8832 4416
8833 9428
8834 4417
8835 9429
8836 4418
8837 9430
8838 4419
8839 9431
8840 4420
8841 9432
8842 4421
8843 9433
8844 4422
8845 9434
8846 4423
8847 9435
8848 4424
8849 9436
8850 4425
8851 9437
8852 4426
8853 9438
8854 4427
8855 9439
8856 4428
8857 9440
8858 4429
8859 9441
8860 4430
8861 9442
8862 4431
8863 9443
8864 4432
8865 9444
8866 4433
8867 9445
8868 4434
8869 9446
8870 4435
8871 9447
8872 4436
8873 9448
8874 4437
8875 9449
8876 4438
8877 9450
8878 4439
8879 9451
8880 4440
8881 9452
8882 4441
8883 9453
8884 4442
8885 9454
8886 4443
8887 9455
8888 4444
8889 9456
8890 4445
8891 9457
8892 4446
8893 9458
8894 4447
8895 9459
8896 4448
8897 9460
8898 4449
8899 9461
8900 4450
8901 9462
8902 4451
8903 9463
8904 4452
8905 9464
8906 4453
8907 9465
8908 4454
8909 9466
8910 4455
8911 9467
8912 4456
8913 9468
8914 4457
8915 9469
8916 4458
8917 9470
8918 4459
8919 9471
8920 4460
8921 9472
8922 4461
8923 9473
8924 4462
8925 9474
8926 4463
8927 9475
8928 4464
8929 9476
8930 4465
8931 9477
8932 4466
8933 9478
8934 4467
8935 9479
8936 4468
8937 9480
8938 4469
8939 9481
8940 4470
8941 9482
8942 4471
8943 9483
8944 4472
8945 9484
8946 4473
8947 9485
8948 4474
8949 9486
8950 4475
8951 9487
8952 4476
8953 9488
8954 4477
8955 9489
8956 4478
8957 9490
8958 4479
8959 9491
8960 4480
8961 9492
8962 4481
8963 9493
8964 4482
8965 9494
8966 4483
8967 9495
8968 4484
8969 9496
8970 4485
8971 9497
8972 4486
8973 9498
8974 4487
8975 9499
8976 4488
8977 9500
8978 4489
8979 9501
8980 4490
8981 9502
8982 4491
8983 9503
8984 4492
8985 9504
8986 4493
8987 9505
8988 4494
8989 9506
8990 4495
8991 9507
8992 4496
8993 9508
8994 4497
8995 9509
8996 4498
8997 9510
8998 4499
8999 9511
9000 4500
9001 9512
9002 4501
9003 9513
9004 4502
9005 9514
9006 4503
9007 9515
9008 4504
9009 9516
9010 4505
9011 9517
9012 4506
9013 9518
9014 4507
9015 9519
9016 4508
9017 9520
9018 4509
9019 9521
9020 4510
9021 9522
9022 4511
9023 9523
9024 4512
9025 9524
9026 4513
9027 9525
9028 4514
9029 9526
9030 4515
9031 9527
9032 4516
9033 9528
9034 4517
9035 9529
9036 4518
9037 9530
9038 4519
9039 9531
9040 4520
9041 9532
9042 4521
9043 9533
9044 4522
9045 9534
9046 4523
9047 9535
9048 4524
9049 9536
9050 4525
9051 9537
9052 4526
9053 9538
9054 4527
9055 9539
9056 4528
9057 9540
9058 4529
9059 9541
9060 4530
9061 9542
9062 4531
9063 9543
9064 4532
9065 9544
9066 4533
9067 9545
9068 4534
9069 9546
9070 4535
9071 9547
9072 4536
9073 9548
9074 4537
9075 9549
9076 4538
9077 9550
9078 4539
9079 9551
9080 4540
9081 9552
9082 4541
9083 9553
9084 4542
9085 9554
9086 4543
9087 9555
9088 4544
9089 9556
9090 4545
9091 9557
9092 4546
9093 9558
9094 4547
9095 9559
9096 4548
9097 9560
9098 4549
9099 9561
9100 4550
9101 9562
9102 4551
9103 9563
9104 4552
9105 9564
9106 4553
9107 9565
9108 4554
9109 9566
9110 4555
9111 9567
9112 4556
9113 9568
9114 4557
9115 9569
9116 4558
9117 9570
9118 4559
9119 9571
9120 4560
9121 9572
9122 4561
9123 9573
9124 4562
9125 9574
9126 4563
9127 9575
9128 4564
9129 9576
9130 4565
9131 9577
9132 4566
9133 9578
9134 4567
9135 9579
9136 4568
9137 9580
9138 4569
9139 9581
9140 4570
9141 9582
9142 4571
9143 9583
9144 4572
9145 9584
9146 4573
9147 9585
9148 4574
9149 9586
9150 4575
9151 9587
9152 4576
9153 9588
9154 4577
9155 9589
9156 4578
9157 9590
9158 4579
9159 9591
9160 4580
9161 9592
9162 4581
9163 9593
9164 4582
9165 9594
9166 4583
9167 9595
9168 4584
9169 9596
9170 4585
9171 9597
9172 4586
9173 9598
9174 4587
9175 9599
9176 4588
9177 9600
9178 4589
9179 9601
9180 4590
9181 9602
9182 4591
9183 9603
9184 4592
9185 9604
9186 4593
9187 9605
9188 4594
9189 9606
9190 4595
9191 9607
9192 4596
9193 9608
9194 4597
9195 9609
9196 4598
9197 9610
9198 4599
9199 9611
9200 4600
9201 9612
9202 4601
9203 9613
9204 4602
9205 9614
9206 4603
9207 9615
9208 4604
9209 9616
9210 4605
9211 9617
9212 4606
9213 9618
9214 4607
9215 9619
9216 4608
9217 9620
9218 4609
9219 9621
9220 4610
9221 9622
9222 4611
9223 9623
9224 4612
9225 9624
9226 4613
9227 9625
9228 4614
9229 9626
9230 4615
9231 9627
9232 4616
9233 9628
9234 4617
9235 9629
9236 4618
9237 9630
9238 4619
9239 9631
9240 4620
9241 9632
9242 4621
9243 9633
9244 4622
9245 9634
9246 4623
9247 9635
9248 4624
9249 9636
9250 4625
9251 9637
9252 4626
9253 9638
9254 4627
9255 9639
9256 4628
9257 9640
9258 4629
9259 9641
9260 4630
9261 9642
9262 4631
9263 9643
9264 4632
9265 9644
9266 4633
9267 9645
9268 4634
9269 9646
9270 4635
9271 9647
9272 4636
9273 9648
9274 4637
9275 9649
9276 4638
9277 9650
9278 4639
9279 9651
9280 4640
9281 9652
9282 4641
9283 9653
9284 4642
9285 9654
9286 4643
9287 9655
9288 4644
9289 9656
9290 4645
9291 9657
9292 4646
9293 9658
9294 4647
9295 9659
9296 4648
9297 9660
9298 4649
9299 9661
9300 4650
9301 9662
9302 4651
9303 9663
9304 4652
9305 9664
9306 4653
9307 9665
9308 4654
9309 9666
9310 4655
9311 9667
9312 4656
9313 9668
9314 4657
9315 9669
9316 4658
9317 9670
9318 4659
9319 9671
9320 4660
9321 9672
9322 4661
9323 9673
9324 4662
9325 9674
9326 4663
9327 9675
9328 4664
9329 9676
9330 4665
9331 9677
9332 4666
9333 9678
9334 4667
9335 9679
9336 4668
9337 9680
9338 4669
9339 9681
9340 4670
9341 9682
9342 4671
9343 9683
9344 4672
9345 9684
9346 4673
9347 9685
9348 4674
9349 9686
9350 4675
9351 9687
9352 4676
9353 9688
9354 4677
9355 9689
9356 4678
9357 9690
9358 4679
9359 9691
9360 4680
9361 9692
9362 4681
9363 9693
9364 4682
9365 9694
9366 4683
9367 9695
9368 4684
9369 9696
9370 4685
9371 9697
9372 4686
9373 9698
9374 4687
9375 9699
9376 4688
9377 9700
9378 4689
9379 9701
9380 4690
9381 9702
9382 4691
9383 9703
9384 4692
9385 9704
9386 4693
9387 9705
9388 4694
9389 9706
9390 4695
9391 9707
9392 4696
9393 9708
9394 4697
9395 9709
9396 4698
9397 9710
9398 4699
9399 9711
9400 4700
9401 9712
9402 4701
9403 9713
9404 4702
9405 9714
9406 4703
9407 9715
9408 4704
9409 9716
9410 4705
9411 9717
9412 4706
9413 9718
9414 4707
9415 9719
9416 4708
9417 9720
9418 4709
9419 9721
9420 4710
9421 9722
9422 4711
9423 9723
9424 4712
9425 9724
9426 4713
9427 9725
9428 4714
9429 9726
9430 4715
9431 9727
9432 4716
9433 9728
9434 4717
9435 9729
9436 4718
9437 9730
9438 4719
9439 9731
9440 4720
9441 9732
9442 4721
9443 9733
9444 4722
9445 9734
9446 4723
9447 9735
9448 4724
9449 9736
9450 4725
9451 9737
9452 4726
9453 9738
9454 4727
9455 9739
9456 4728
9457 9740
9458 4729
9459 9741
9460 4730
9461 9742
9462 4731
9463 9743
9464 4732
9465 9744
9466 4733
9467 9745
9468 4734
9469 9746
9470 4735
9471 9747
9472 4736
9473 9748
9474 4737
9475 9749
9476 4738
9477 9750
9478 4739
9479 9751
9480 4740
9481 9752
9482 4741
9483 9753
9484 4742
9485 9754
9486 4743
9487 9755
9488 4744
9489 9756
9490 4745
9491 9757
9492 4746
9493 9758
9494 4747
9495 9759
9496 4748
9497 9760
9498 4749
9499 9761
9500 4750
9501 9762
9502 4751
9503 9763
9504 4752
9505 9764
9506 4753
9507 9765
9508 4754
9509 9766
9510 4755
9511 9767
9512 4756
9513 9768
9514 4757
9515 9769
9516 4758
9517 9770
9518 4759
9519 9771
9520 4760
9521 9772
9522 4761
9523 9773
9524 4762
9525 9774
9526 4763
9527 9775
9528 4764
9529 9776
9530 4765
9531 9777
9532 4766
9533 9778
9534 4767
9535 9779
9536 4768
9537 9780
9538 4769
9539 9781
9540 4770
9541 9782
9542 4771
9543 9783
9544 4772
9545 9784
9546 4773
9547 9785
9548 4774
9549 9786
9550 4775
9551 9787
9552 4776
9553 9788
9554 4777
9555 9789
9556 4778
9557 9790
9558 4779
9559 9791
9560 4780
9561 9792
9562 4781
9563 9793
9564 4782
9565 9794
9566 4783
9567 9795
9568 4784
9569 9796
9570 4785
9571 9797
9572 4786
9573 9798
9574 4787
9575 9799
9576 4788
9577 9800
9578 4789
9579 9801
9580 4790
9581 9802
9582 4791
9583 9803
9584 4792
9585 9804
9586 4793
9587 9805
9588 4794
9589 9806
9590 4795
9591 9807
9592 4796
9593 9808
9594 4797
9595 9809
9596 4798
9597 9810
9598 4799
9599 9811
9600 4800
9601 9812
9602 4801
9603 9813
9604 4802
9605 9814
9606 4803
9607 9815
9608 4804
9609 9816
9610 4805
9611 9817
9612 4806
9613 9818
9614 4807
9615 9819
9616 4808
9617 9820
9618 4809
9619 9821
9620 4810
9621 9822
9622 4811
9623 9823
9624 4812
9625 9824
9626 4813
9627 9825
9628 4814
9629 9826
9630 4815
9631 9827
9632 4816
9633 9828
9634 4817
9635 9829
9636 4818
9637 9830
9638 4819
9639 9831
9640 4820
9641 9832
9642 4821
9643 9833
9644 4822
9645 9834
9646 4823
9647 9835
9648 4824
9649 9836
9650 4825
9651 9837
9652 4826
9653 9838
9654 4827
9655 9839
9656 4828
9657 9840
9658 4829
9659 9841
9660 4830
9661 9842
9662 4831
9663 9843
9664 4832
9665 9844
9666 4833
9667 9845
9668 4834
9669 9846
9670 4835
9671 9847
9672 4836
9673 9848
9674 4837
9675 9849
9676 4838
9677 9850
9678 4839
9679 9851
9680 4840
9681 9852
9682 4841
9683 9853
9684 4842
9685 9854
9686 4843
9687 9855
9688 4844
9689 9856
9690 4845
9691 9857
9692 4846
9693 9858
9694 4847
9695 9859
9696 4848
9697 9860
9698 4849
9699 9861
9700 4850
9701 9862
9702 4851
9703 9863
9704 4852
9705 9864
9706 4853
9707 9865
9708 4854
9709 9866
9710 4855
9711 9867
9712 4856
9713 9868
9714 4857
9715 9869
9716 4858
9717 9870
9718 4859
9719 9871
9720 4860
9721 9872
9722 4861
9723 9873
9724 4862
9725 9874
9726 4863
9727 9875
9728 4864
9729 9876
9730 4865
9731 9877
9732 4866
9733 9878
9734 4867
9735 9879
9736 4868
9737 9880
9738 4869
9739 9881
9740 4870
9741 9882
9742 4871
9743 9883
9744 4872
9745 9884
9746 4873
9747 9885
9748 4874
9749 9886
9750 4875
9751 9887
9752 4876
9753 9888
9754 4877
9755 9889
9756 4878
9757 9890
9758 4879
9759 9891
9760 4880
9761 9892
9762 4881
9763 9893
9764 4882
9765 9894
9766 4883
9767 9895
9768 4884
9769 9896
9770 4885
9771 9897
9772 4886
9773 9898
9774 4887
9775 9899
9776 4888
9777 9900
9778 4889
9779 9901
9780 4890
9781 9902
9782 4891
9783 9903
9784 4892
9785 9904
9786 4893
9787 9905
9788 4894
9789 9906
9790 4895
9791 9907
9792 4896
9793 9908
9794 4897
9795 9909
9796 4898
9797 9910
9798 4899
9799 9911
9800 4900
9801 9912
9802 4901
9803 9913
9804 4902
9805 9914
9806 4903
9807 9915
9808 4904
9809 9916
9810 4905
9811 9917
9812 4906
9813 9918
9814 4907
9815 9919
9816 4908
9817 9920
9818 4909
9819 9921
9820 4910
9821 9922
9822 4911
9823 9923
9824 4912
9825 9924
9826 4913
9827 9925
9828 4914
9829 9926
9830 4915
9831 9927
9832 4916
9833 9928
9834 4917
9835 9929
9836 4918
9837 9930
9838 4919
9839 9931
9840 4920
9841 9932
9842 4921
9843 9933
9844 4922
9845 9934
9846 4923
9847 9935
9848 4924
9849 9936
9850 4925
9851 9937
9852 4926
9853 9938
9854 4927
9855 9939
9856 4928
9857 9940
9858 4929
9859 9941
9860 4930
9861 9942
9862 4931
9863 9943
9864 4932
9865 9944
9866 4933
9867 9945
9868 4934
9869 9946
9870 4935
9871 9947
9872 4936
9873 9948
9874 4937
9875 9949
9876 4938
9877 9950
9878 4939
9879 9951
9880 4940
9881 9952
9882 4941
9883 9953
9884 4942
9885 9954
9886 4943
9887 9955
9888 4944
9889 9956
9890 4945
9891 9957
9892 4946
9893 9958
9894 4947
9895 9959
9896 4948
9897 9960
9898 4949
9899 9961
9900 4950
9901 9962
9902 4951
9903 9963
9904 4952
9905 9964
9906 4953
9907 9965
9908 4954
9909 9966
9910 4955
9911 9967
9912 4956
9913 9968
9914 4957
9915 9969
9916 4958
9917 9970
9918 4959
9919 9971
9920 4960
9921 9972
9922 4961
9923 9973
9924 4962
9925 9974
9926 4963
9927 9975
9928 4964
9929 9976
9930 4965
9931 9977
9932 4966
9933 9978
9934 4967
9935 9979
9936 4968
9937 9980
9938 4969
9939 9981
9940 4970
9941 9982
9942 4971
9943 9983
9944 4972
9945 9984
9946 4973
9947 9985
9948 4974
9949 9986
9950 4975
9951 9987
9952 4976
9953 9988
9954 4977
9955 9989
9956 4978
9957 9990
9958 4979
9959 9991
9960 4980
9961 9992
9962 4981
9963 9993
9964 4982
9965 9994
9966 4983
9967 9995
9968 4984
9969 9996
9970 4985
9971 9997
9972 4986
9973 9998
9974 4987
9975 9999
9976 4988
9977 10000
9978 4989
9979 10001
9980 4990
9981 10002
9982 4991
9983 10003
9984 4992
9985 10004
9986 4993
9987 10005
9988 4994
9989 10006
9990 4995
9991 10007
9992 4996
9993 10008
9994 4997
9995 10009
9996 4998
9997 10010
9998 4999
9999 10011
10000 5000
10001 10012
10002 5001
10003 10013
10004 5002
10005 10014
10006 5003
10007 10015
10008 5004
10009 10016
10010 5005
10011 10017
10012 5006
10013 10018
10014 5007
10015 10019
10016 5008
10017 10020
10018 5009
10019 10021
10020 5010
10021 10022
10022 5011
10023 10023
