%%MatrixMarket matrix coordinate pattern general
% Label: (0)
273 273 273
1 1
2 138
3 2
4 139
5 3
6 140
7 4
8 141
9 5
10 142
11 6
12 143
13 7
14 144
15 8
16 145
17 9
18 146
19 10
20 147
21 11
22 148
23 12
24 149
25 13
26 150
27 14
28 151
29 15
30 152
31 16
32 153
33 17
34 154
35 18
36 155
37 19
38 156
39 20
40 157
41 21
42 158
43 22
44 159
45 23
46 160
47 24
48 161
49 25
50 162
51 26
52 163
53 27
54 164
55 28
56 165
57 29
58 166
59 30
60 167
61 31
62 168
63 32
64 169
65 33
66 170
67 34
68 171
69 35
70 172
71 36
72 173
73 37
74 174
75 38
76 175
77 39
78 176
79 40
80 177
81 41
82 178
83 42
84 179
85 43
86 180
87 44
88 181
89 45
90 182
91 46
92 183
93 47
94 184
95 48
96 185
97 49
98 186
99 50
100 187
101 51
102 188
103 52
104 189
105 53
106 190
107 54
108 191
109 55
110 192
111 56
112 193
113 57
114 194
115 58
116 195
117 59
118 196
119 60
120 197
121 61
122 198
123 62
124 199
125 63
126 200
127 64
128 201
129 65
130 202
131 66
132 203
133 67
134 204
135 68
136 205
137 69
138 206
139 70
140 207
141 71
142 208
143 72
144 209
145 73
146 210
147 74
148 211
149 75
150 212
151 76
152 213
153 77
154 214
155 78
156 215
157 79
158 216
159 80
160 217
161 81
162 218
163 82
164 219
165 83
166 220
167 84
168 221
169 85
170 222
171 86
172 223
173 87
174 224
175 88
176 225
177 89
178 226
179 90
180 227
181 91
182 228
183 92
184 229
185 93
186 230
187 94
188 231
189 95
190 232
191 96
192 233
193 97
194 234
195 98
196 235
197 99
198 236
199 100
200 237
201 101
202 238
203 102
204 239
205 103
206 240
207 104
208 241
209 105
210 242
211 106
212 243
213 107
214 244
215 108
216 245
217 109
218 246
219 110
220 247
221 111
222 248
223 112
224 249
225 113
226 250
227 114
228 251
229 115
230 252
231 116
232 253
233 117
234 254
235 118
236 255
237 119
238 256
239 120
240 257
241 121
242 258
243 122
244 259
245 123
246 260
247 124
248 261
249 125
250 262
251 126
252 263
253 127
254 264
255 128
256 265
257 129
258 266
259 130
260 267
261 131
262 268
263 132
264 269
265 133
266 270
267 134
268 271
269 135
270 272
271 136
272 273
273 137
