%%MatrixMarket matrix coordinate pattern general
% Label: (1)
273 273 273
1 137
2 1
3 138
4 2
5 139
6 3
7 140
8 4
9 141
10 5
11 142
12 6
13 143
14 7
15 144
16 8
17 145
18 9
19 146
20 10
21 147
22 11
23 148
24 12
25 149
26 13
27 150
28 14
29 151
30 15
31 152
32 16
33 153
34 17
35 154
36 18
37 155
38 19
39 156
40 20
41 157
42 21
43 158
44 22
45 159
46 23
47 160
48 24
49 161
50 25
51 162
52 26
53 163
54 27
55 164
56 28
57 165
58 29
59 166
60 30
61 167
62 31
63 168
64 32
65 169
66 33
67 170
68 34
69 171
70 35
71 172
72 36
73 173
74 37
75 174
76 38
77 175
78 39
79 176
80 40
81 177
82 41
83 178
84 42
85 179
86 43
87 180
88 44
89 181
90 45
91 182
92 46
93 183
94 47
95 184
96 48
97 185
98 49
99 186
100 50
101 187
102 51
103 188
104 52
105 189
106 53
107 190
108 54
109 191
110 55
111 192
112 56
113 193
114 57
115 194
116 58
117 195
118 59
119 196
120 60
121 197
122 61
123 198
124 62
125 199
126 63
127 200
128 64
129 201
130 65
131 202
132 66
133 203
134 67
135 204
136 68
137 205
138 69
139 206
140 70
141 207
142 71
143 208
144 72
145 209
146 73
147 210
148 74
149 211
150 75
151 212
152 76
153 213
154 77
155 214
156 78
157 215
158 79
159 216
160 80
161 217
162 81
163 218
164 82
165 219
166 83
167 220
168 84
169 221
170 85
171 222
172 86
173 223
174 87
175 224
176 88
177 225
178 89
179 226
180 90
181 227
182 91
183 228
184 92
185 229
186 93
187 230
188 94
189 231
190 95
191 232
192 96
193 233
194 97
195 234
196 98
197 235
198 99
199 236
200 100
201 237
202 101
203 238
204 102
205 239
206 103
207 240
208 104
209 241
210 105
211 242
212 106
213 243
214 107
215 244
216 108
217 245
218 109
219 246
220 110
221 247
222 111
223 248
224 112
225 249
226 113
227 250
228 114
229 251
230 115
231 252
232 116
233 253
234 117
235 254
236 118
237 255
238 119
239 256
240 120
241 257
242 121
243 258
244 122
245 259
246 123
247 260
248 124
249 261
250 125
251 262
252 126
253 263
254 127
255 264
256 128
257 265
258 129
259 266
260 130
261 267
262 131
263 268
264 132
265 269
266 133
267 270
268 134
269 271
270 135
271 272
272 136
273 273
