%%MatrixMarket matrix coordinate pattern general
% Label: (0)
605 605 605
1 1
2 304
3 2
4 305
5 3
6 306
7 4
8 307
9 5
10 308
11 6
12 309
13 7
14 310
15 8
16 311
17 9
18 312
19 10
20 313
21 11
22 314
23 12
24 315
25 13
26 316
27 14
28 317
29 15
30 318
31 16
32 319
33 17
34 320
35 18
36 321
37 19
38 322
39 20
40 323
41 21
42 324
43 22
44 325
45 23
46 326
47 24
48 327
49 25
50 328
51 26
52 329
53 27
54 330
55 28
56 331
57 29
58 332
59 30
60 333
61 31
62 334
63 32
64 335
65 33
66 336
67 34
68 337
69 35
70 338
71 36
72 339
73 37
74 340
75 38
76 341
77 39
78 342
79 40
80 343
81 41
82 344
83 42
84 345
85 43
86 346
87 44
88 347
89 45
90 348
91 46
92 349
93 47
94 350
95 48
96 351
97 49
98 352
99 50
100 353
101 51
102 354
103 52
104 355
105 53
106 356
107 54
108 357
109 55
110 358
111 56
112 359
113 57
114 360
115 58
116 361
117 59
118 362
119 60
120 363
121 61
122 364
123 62
124 365
125 63
126 366
127 64
128 367
129 65
130 368
131 66
132 369
133 67
134 370
135 68
136 371
137 69
138 372
139 70
140 373
141 71
142 374
143 72
144 375
145 73
146 376
147 74
148 377
149 75
150 378
151 76
152 379
153 77
154 380
155 78
156 381
157 79
158 382
159 80
160 383
161 81
162 384
163 82
164 385
165 83
166 386
167 84
168 387
169 85
170 388
171 86
172 389
173 87
174 390
175 88
176 391
177 89
178 392
179 90
180 393
181 91
182 394
183 92
184 395
185 93
186 396
187 94
188 397
189 95
190 398
191 96
192 399
193 97
194 400
195 98
196 401
197 99
198 402
199 100
200 403
201 101
202 404
203 102
204 405
205 103
206 406
207 104
208 407
209 105
210 408
211 106
212 409
213 107
214 410
215 108
216 411
217 109
218 412
219 110
220 413
221 111
222 414
223 112
224 415
225 113
226 416
227 114
228 417
229 115
230 418
231 116
232 419
233 117
234 420
235 118
236 421
237 119
238 422
239 120
240 423
241 121
242 424
243 122
244 425
245 123
246 426
247 124
248 427
249 125
250 428
251 126
252 429
253 127
254 430
255 128
256 431
257 129
258 432
259 130
260 433
261 131
262 434
263 132
264 435
265 133
266 436
267 134
268 437
269 135
270 438
271 136
272 439
273 137
274 440
275 138
276 441
277 139
278 442
279 140
280 443
281 141
282 444
283 142
284 445
285 143
286 446
287 144
288 447
289 145
290 448
291 146
292 449
293 147
294 450
295 148
296 451
297 149
298 452
299 150
300 453
301 151
302 454
303 152
304 455
305 153
306 456
307 154
308 457
309 155
310 458
311 156
312 459
313 157
314 460
315 158
316 461
317 159
318 462
319 160
320 463
321 161
322 464
323 162
324 465
325 163
326 466
327 164
328 467
329 165
330 468
331 166
332 469
333 167
334 470
335 168
336 471
337 169
338 472
339 170
340 473
341 171
342 474
343 172
344 475
345 173
346 476
347 174
348 477
349 175
350 478
351 176
352 479
353 177
354 480
355 178
356 481
357 179
358 482
359 180
360 483
361 181
362 484
363 182
364 485
365 183
366 486
367 184
368 487
369 185
370 488
371 186
372 489
373 187
374 490
375 188
376 491
377 189
378 492
379 190
380 493
381 191
382 494
383 192
384 495
385 193
386 496
387 194
388 497
389 195
390 498
391 196
392 499
393 197
394 500
395 198
396 501
397 199
398 502
399 200
400 503
401 201
402 504
403 202
404 505
405 203
406 506
407 204
408 507
409 205
410 508
411 206
412 509
413 207
414 510
415 208
416 511
417 209
418 512
419 210
420 513
421 211
422 514
423 212
424 515
425 213
426 516
427 214
428 517
429 215
430 518
431 216
432 519
433 217
434 520
435 218
436 521
437 219
438 522
439 220
440 523
441 221
442 524
443 222
444 525
445 223
446 526
447 224
448 527
449 225
450 528
451 226
452 529
453 227
454 530
455 228
456 531
457 229
458 532
459 230
460 533
461 231
462 534
463 232
464 535
465 233
466 536
467 234
468 537
469 235
470 538
471 236
472 539
473 237
474 540
475 238
476 541
477 239
478 542
479 240
480 543
481 241
482 544
483 242
484 545
485 243
486 546
487 244
488 547
489 245
490 548
491 246
492 549
493 247
494 550
495 248
496 551
497 249
498 552
499 250
500 553
501 251
502 554
503 252
504 555
505 253
506 556
507 254
508 557
509 255
510 558
511 256
512 559
513 257
514 560
515 258
516 561
517 259
518 562
519 260
520 563
521 261
522 564
523 262
524 565
525 263
526 566
527 264
528 567
529 265
530 568
531 266
532 569
533 267
534 570
535 268
536 571
537 269
538 572
539 270
540 573
541 271
542 574
543 272
544 575
545 273
546 576
547 274
548 577
549 275
550 578
551 276
552 579
553 277
554 580
555 278
556 581
557 279
558 582
559 280
560 583
561 281
562 584
563 282
564 585
565 283
566 586
567 284
568 587
569 285
570 588
571 286
572 589
573 287
574 590
575 288
576 591
577 289
578 592
579 290
580 593
581 291
582 594
583 292
584 595
585 293
586 596
587 294
588 597
589 295
590 598
591 296
592 599
593 297
594 600
595 298
596 601
597 299
598 602
599 300
600 603
601 301
602 604
603 302
604 605
605 303
