%%MatrixMarket matrix coordinate pattern general
% Label: (1)
605 605 605
1 303
2 1
3 304
4 2
5 305
6 3
7 306
8 4
9 307
10 5
11 308
12 6
13 309
14 7
15 310
16 8
17 311
18 9
19 312
20 10
21 313
22 11
23 314
24 12
25 315
26 13
27 316
28 14
29 317
30 15
31 318
32 16
33 319
34 17
35 320
36 18
37 321
38 19
39 322
40 20
41 323
42 21
43 324
44 22
45 325
46 23
47 326
48 24
49 327
50 25
51 328
52 26
53 329
54 27
55 330
56 28
57 331
58 29
59 332
60 30
61 333
62 31
63 334
64 32
65 335
66 33
67 336
68 34
69 337
70 35
71 338
72 36
73 339
74 37
75 340
76 38
77 341
78 39
79 342
80 40
81 343
82 41
83 344
84 42
85 345
86 43
87 346
88 44
89 347
90 45
91 348
92 46
93 349
94 47
95 350
96 48
97 351
98 49
99 352
100 50
101 353
102 51
103 354
104 52
105 355
106 53
107 356
108 54
109 357
110 55
111 358
112 56
113 359
114 57
115 360
116 58
117 361
118 59
119 362
120 60
121 363
122 61
123 364
124 62
125 365
126 63
127 366
128 64
129 367
130 65
131 368
132 66
133 369
134 67
135 370
136 68
137 371
138 69
139 372
140 70
141 373
142 71
143 374
144 72
145 375
146 73
147 376
148 74
149 377
150 75
151 378
152 76
153 379
154 77
155 380
156 78
157 381
158 79
159 382
160 80
161 383
162 81
163 384
164 82
165 385
166 83
167 386
168 84
169 387
170 85
171 388
172 86
173 389
174 87
175 390
176 88
177 391
178 89
179 392
180 90
181 393
182 91
183 394
184 92
185 395
186 93
187 396
188 94
189 397
190 95
191 398
192 96
193 399
194 97
195 400
196 98
197 401
198 99
199 402
200 100
201 403
202 101
203 404
204 102
205 405
206 103
207 406
208 104
209 407
210 105
211 408
212 106
213 409
214 107
215 410
216 108
217 411
218 109
219 412
220 110
221 413
222 111
223 414
224 112
225 415
226 113
227 416
228 114
229 417
230 115
231 418
232 116
233 419
234 117
235 420
236 118
237 421
238 119
239 422
240 120
241 423
242 121
243 424
244 122
245 425
246 123
247 426
248 124
249 427
250 125
251 428
252 126
253 429
254 127
255 430
256 128
257 431
258 129
259 432
260 130
261 433
262 131
263 434
264 132
265 435
266 133
267 436
268 134
269 437
270 135
271 438
272 136
273 439
274 137
275 440
276 138
277 441
278 139
279 442
280 140
281 443
282 141
283 444
284 142
285 445
286 143
287 446
288 144
289 447
290 145
291 448
292 146
293 449
294 147
295 450
296 148
297 451
298 149
299 452
300 150
301 453
302 151
303 454
304 152
305 455
306 153
307 456
308 154
309 457
310 155
311 458
312 156
313 459
314 157
315 460
316 158
317 461
318 159
319 462
320 160
321 463
322 161
323 464
324 162
325 465
326 163
327 466
328 164
329 467
330 165
331 468
332 166
333 469
334 167
335 470
336 168
337 471
338 169
339 472
340 170
341 473
342 171
343 474
344 172
345 475
346 173
347 476
348 174
349 477
350 175
351 478
352 176
353 479
354 177
355 480
356 178
357 481
358 179
359 482
360 180
361 483
362 181
363 484
364 182
365 485
366 183
367 486
368 184
369 487
370 185
371 488
372 186
373 489
374 187
375 490
376 188
377 491
378 189
379 492
380 190
381 493
382 191
383 494
384 192
385 495
386 193
387 496
388 194
389 497
390 195
391 498
392 196
393 499
394 197
395 500
396 198
397 501
398 199
399 502
400 200
401 503
402 201
403 504
404 202
405 505
406 203
407 506
408 204
409 507
410 205
411 508
412 206
413 509
414 207
415 510
416 208
417 511
418 209
419 512
420 210
421 513
422 211
423 514
424 212
425 515
426 213
427 516
428 214
429 517
430 215
431 518
432 216
433 519
434 217
435 520
436 218
437 521
438 219
439 522
440 220
441 523
442 221
443 524
444 222
445 525
446 223
447 526
448 224
449 527
450 225
451 528
452 226
453 529
454 227
455 530
456 228
457 531
458 229
459 532
460 230
461 533
462 231
463 534
464 232
465 535
466 233
467 536
468 234
469 537
470 235
471 538
472 236
473 539
474 237
475 540
476 238
477 541
478 239
479 542
480 240
481 543
482 241
483 544
484 242
485 545
486 243
487 546
488 244
489 547
490 245
491 548
492 246
493 549
494 247
495 550
496 248
497 551
498 249
499 552
500 250
501 553
502 251
503 554
504 252
505 555
506 253
507 556
508 254
509 557
510 255
511 558
512 256
513 559
514 257
515 560
516 258
517 561
518 259
519 562
520 260
521 563
522 261
523 564
524 262
525 565
526 263
527 566
528 264
529 567
530 265
531 568
532 266
533 569
534 267
535 570
536 268
537 571
538 269
539 572
540 270
541 573
542 271
543 574
544 272
545 575
546 273
547 576
548 274
549 577
550 275
551 578
552 276
553 579
554 277
555 580
556 278
557 581
558 279
559 582
560 280
561 583
562 281
563 584
564 282
565 585
566 283
567 586
568 284
569 587
570 285
571 588
572 286
573 589
574 287
575 590
576 288
577 591
578 289
579 592
580 290
581 593
582 291
583 594
584 292
585 595
586 293
587 596
588 294
589 597
590 295
591 598
592 296
593 599
594 297
595 600
596 298
597 601
598 299
599 602
600 300
601 603
602 301
603 604
604 302
605 605
