%%MatrixMarket matrix coordinate pattern general
% Label: (0)
303 303 303
1 1
2 153
3 2
4 154
5 3
6 155
7 4
8 156
9 5
10 157
11 6
12 158
13 7
14 159
15 8
16 160
17 9
18 161
19 10
20 162
21 11
22 163
23 12
24 164
25 13
26 165
27 14
28 166
29 15
30 167
31 16
32 168
33 17
34 169
35 18
36 170
37 19
38 171
39 20
40 172
41 21
42 173
43 22
44 174
45 23
46 175
47 24
48 176
49 25
50 177
51 26
52 178
53 27
54 179
55 28
56 180
57 29
58 181
59 30
60 182
61 31
62 183
63 32
64 184
65 33
66 185
67 34
68 186
69 35
70 187
71 36
72 188
73 37
74 189
75 38
76 190
77 39
78 191
79 40
80 192
81 41
82 193
83 42
84 194
85 43
86 195
87 44
88 196
89 45
90 197
91 46
92 198
93 47
94 199
95 48
96 200
97 49
98 201
99 50
100 202
101 51
102 203
103 52
104 204
105 53
106 205
107 54
108 206
109 55
110 207
111 56
112 208
113 57
114 209
115 58
116 210
117 59
118 211
119 60
120 212
121 61
122 213
123 62
124 214
125 63
126 215
127 64
128 216
129 65
130 217
131 66
132 218
133 67
134 219
135 68
136 220
137 69
138 221
139 70
140 222
141 71
142 223
143 72
144 224
145 73
146 225
147 74
148 226
149 75
150 227
151 76
152 228
153 77
154 229
155 78
156 230
157 79
158 231
159 80
160 232
161 81
162 233
163 82
164 234
165 83
166 235
167 84
168 236
169 85
170 237
171 86
172 238
173 87
174 239
175 88
176 240
177 89
178 241
179 90
180 242
181 91
182 243
183 92
184 244
185 93
186 245
187 94
188 246
189 95
190 247
191 96
192 248
193 97
194 249
195 98
196 250
197 99
198 251
199 100
200 252
201 101
202 253
203 102
204 254
205 103
206 255
207 104
208 256
209 105
210 257
211 106
212 258
213 107
214 259
215 108
216 260
217 109
218 261
219 110
220 262
221 111
222 263
223 112
224 264
225 113
226 265
227 114
228 266
229 115
230 267
231 116
232 268
233 117
234 269
235 118
236 270
237 119
238 271
239 120
240 272
241 121
242 273
243 122
244 274
245 123
246 275
247 124
248 276
249 125
250 277
251 126
252 278
253 127
254 279
255 128
256 280
257 129
258 281
259 130
260 282
261 131
262 283
263 132
264 284
265 133
266 285
267 134
268 286
269 135
270 287
271 136
272 288
273 137
274 289
275 138
276 290
277 139
278 291
279 140
280 292
281 141
282 293
283 142
284 294
285 143
286 295
287 144
288 296
289 145
290 297
291 146
292 298
293 147
294 299
295 148
296 300
297 149
298 301
299 150
300 302
301 151
302 303
303 152
