%%MatrixMarket matrix coordinate pattern general
% Label: (1)
303 303 303
1 152
2 1
3 153
4 2
5 154
6 3
7 155
8 4
9 156
10 5
11 157
12 6
13 158
14 7
15 159
16 8
17 160
18 9
19 161
20 10
21 162
22 11
23 163
24 12
25 164
26 13
27 165
28 14
29 166
30 15
31 167
32 16
33 168
34 17
35 169
36 18
37 170
38 19
39 171
40 20
41 172
42 21
43 173
44 22
45 174
46 23
47 175
48 24
49 176
50 25
51 177
52 26
53 178
54 27
55 179
56 28
57 180
58 29
59 181
60 30
61 182
62 31
63 183
64 32
65 184
66 33
67 185
68 34
69 186
70 35
71 187
72 36
73 188
74 37
75 189
76 38
77 190
78 39
79 191
80 40
81 192
82 41
83 193
84 42
85 194
86 43
87 195
88 44
89 196
90 45
91 197
92 46
93 198
94 47
95 199
96 48
97 200
98 49
99 201
100 50
101 202
102 51
103 203
104 52
105 204
106 53
107 205
108 54
109 206
110 55
111 207
112 56
113 208
114 57
115 209
116 58
117 210
118 59
119 211
120 60
121 212
122 61
123 213
124 62
125 214
126 63
127 215
128 64
129 216
130 65
131 217
132 66
133 218
134 67
135 219
136 68
137 220
138 69
139 221
140 70
141 222
142 71
143 223
144 72
145 224
146 73
147 225
148 74
149 226
150 75
151 227
152 76
153 228
154 77
155 229
156 78
157 230
158 79
159 231
160 80
161 232
162 81
163 233
164 82
165 234
166 83
167 235
168 84
169 236
170 85
171 237
172 86
173 238
174 87
175 239
176 88
177 240
178 89
179 241
180 90
181 242
182 91
183 243
184 92
185 244
186 93
187 245
188 94
189 246
190 95
191 247
192 96
193 248
194 97
195 249
196 98
197 250
198 99
199 251
200 100
201 252
202 101
203 253
204 102
205 254
206 103
207 255
208 104
209 256
210 105
211 257
212 106
213 258
214 107
215 259
216 108
217 260
218 109
219 261
220 110
221 262
222 111
223 263
224 112
225 264
226 113
227 265
228 114
229 266
230 115
231 267
232 116
233 268
234 117
235 269
236 118
237 270
238 119
239 271
240 120
241 272
242 121
243 273
244 122
245 274
246 123
247 275
248 124
249 276
250 125
251 277
252 126
253 278
254 127
255 279
256 128
257 280
258 129
259 281
260 130
261 282
262 131
263 283
264 132
265 284
266 133
267 285
268 134
269 286
270 135
271 287
272 136
273 288
274 137
275 289
276 138
277 290
278 139
279 291
280 140
281 292
282 141
283 293
284 142
285 294
286 143
287 295
288 144
289 296
290 145
291 297
292 146
293 298
294 147
295 299
296 148
297 300
298 149
299 301
300 150
301 302
302 151
303 303
