%%MatrixMarket matrix coordinate pattern general
% Label: (1)
2025 2025 2025
1 1013
2 1
3 1014
4 2
5 1015
6 3
7 1016
8 4
9 1017
10 5
11 1018
12 6
13 1019
14 7
15 1020
16 8
17 1021
18 9
19 1022
20 10
21 1023
22 11
23 1024
24 12
25 1025
26 13
27 1026
28 14
29 1027
30 15
31 1028
32 16
33 1029
34 17
35 1030
36 18
37 1031
38 19
39 1032
40 20
41 1033
42 21
43 1034
44 22
45 1035
46 23
47 1036
48 24
49 1037
50 25
51 1038
52 26
53 1039
54 27
55 1040
56 28
57 1041
58 29
59 1042
60 30
61 1043
62 31
63 1044
64 32
65 1045
66 33
67 1046
68 34
69 1047
70 35
71 1048
72 36
73 1049
74 37
75 1050
76 38
77 1051
78 39
79 1052
80 40
81 1053
82 41
83 1054
84 42
85 1055
86 43
87 1056
88 44
89 1057
90 45
91 1058
92 46
93 1059
94 47
95 1060
96 48
97 1061
98 49
99 1062
100 50
101 1063
102 51
103 1064
104 52
105 1065
106 53
107 1066
108 54
109 1067
110 55
111 1068
112 56
113 1069
114 57
115 1070
116 58
117 1071
118 59
119 1072
120 60
121 1073
122 61
123 1074
124 62
125 1075
126 63
127 1076
128 64
129 1077
130 65
131 1078
132 66
133 1079
134 67
135 1080
136 68
137 1081
138 69
139 1082
140 70
141 1083
142 71
143 1084
144 72
145 1085
146 73
147 1086
148 74
149 1087
150 75
151 1088
152 76
153 1089
154 77
155 1090
156 78
157 1091
158 79
159 1092
160 80
161 1093
162 81
163 1094
164 82
165 1095
166 83
167 1096
168 84
169 1097
170 85
171 1098
172 86
173 1099
174 87
175 1100
176 88
177 1101
178 89
179 1102
180 90
181 1103
182 91
183 1104
184 92
185 1105
186 93
187 1106
188 94
189 1107
190 95
191 1108
192 96
193 1109
194 97
195 1110
196 98
197 1111
198 99
199 1112
200 100
201 1113
202 101
203 1114
204 102
205 1115
206 103
207 1116
208 104
209 1117
210 105
211 1118
212 106
213 1119
214 107
215 1120
216 108
217 1121
218 109
219 1122
220 110
221 1123
222 111
223 1124
224 112
225 1125
226 113
227 1126
228 114
229 1127
230 115
231 1128
232 116
233 1129
234 117
235 1130
236 118
237 1131
238 119
239 1132
240 120
241 1133
242 121
243 1134
244 122
245 1135
246 123
247 1136
248 124
249 1137
250 125
251 1138
252 126
253 1139
254 127
255 1140
256 128
257 1141
258 129
259 1142
260 130
261 1143
262 131
263 1144
264 132
265 1145
266 133
267 1146
268 134
269 1147
270 135
271 1148
272 136
273 1149
274 137
275 1150
276 138
277 1151
278 139
279 1152
280 140
281 1153
282 141
283 1154
284 142
285 1155
286 143
287 1156
288 144
289 1157
290 145
291 1158
292 146
293 1159
294 147
295 1160
296 148
297 1161
298 149
299 1162
300 150
301 1163
302 151
303 1164
304 152
305 1165
306 153
307 1166
308 154
309 1167
310 155
311 1168
312 156
313 1169
314 157
315 1170
316 158
317 1171
318 159
319 1172
320 160
321 1173
322 161
323 1174
324 162
325 1175
326 163
327 1176
328 164
329 1177
330 165
331 1178
332 166
333 1179
334 167
335 1180
336 168
337 1181
338 169
339 1182
340 170
341 1183
342 171
343 1184
344 172
345 1185
346 173
347 1186
348 174
349 1187
350 175
351 1188
352 176
353 1189
354 177
355 1190
356 178
357 1191
358 179
359 1192
360 180
361 1193
362 181
363 1194
364 182
365 1195
366 183
367 1196
368 184
369 1197
370 185
371 1198
372 186
373 1199
374 187
375 1200
376 188
377 1201
378 189
379 1202
380 190
381 1203
382 191
383 1204
384 192
385 1205
386 193
387 1206
388 194
389 1207
390 195
391 1208
392 196
393 1209
394 197
395 1210
396 198
397 1211
398 199
399 1212
400 200
401 1213
402 201
403 1214
404 202
405 1215
406 203
407 1216
408 204
409 1217
410 205
411 1218
412 206
413 1219
414 207
415 1220
416 208
417 1221
418 209
419 1222
420 210
421 1223
422 211
423 1224
424 212
425 1225
426 213
427 1226
428 214
429 1227
430 215
431 1228
432 216
433 1229
434 217
435 1230
436 218
437 1231
438 219
439 1232
440 220
441 1233
442 221
443 1234
444 222
445 1235
446 223
447 1236
448 224
449 1237
450 225
451 1238
452 226
453 1239
454 227
455 1240
456 228
457 1241
458 229
459 1242
460 230
461 1243
462 231
463 1244
464 232
465 1245
466 233
467 1246
468 234
469 1247
470 235
471 1248
472 236
473 1249
474 237
475 1250
476 238
477 1251
478 239
479 1252
480 240
481 1253
482 241
483 1254
484 242
485 1255
486 243
487 1256
488 244
489 1257
490 245
491 1258
492 246
493 1259
494 247
495 1260
496 248
497 1261
498 249
499 1262
500 250
501 1263
502 251
503 1264
504 252
505 1265
506 253
507 1266
508 254
509 1267
510 255
511 1268
512 256
513 1269
514 257
515 1270
516 258
517 1271
518 259
519 1272
520 260
521 1273
522 261
523 1274
524 262
525 1275
526 263
527 1276
528 264
529 1277
530 265
531 1278
532 266
533 1279
534 267
535 1280
536 268
537 1281
538 269
539 1282
540 270
541 1283
542 271
543 1284
544 272
545 1285
546 273
547 1286
548 274
549 1287
550 275
551 1288
552 276
553 1289
554 277
555 1290
556 278
557 1291
558 279
559 1292
560 280
561 1293
562 281
563 1294
564 282
565 1295
566 283
567 1296
568 284
569 1297
570 285
571 1298
572 286
573 1299
574 287
575 1300
576 288
577 1301
578 289
579 1302
580 290
581 1303
582 291
583 1304
584 292
585 1305
586 293
587 1306
588 294
589 1307
590 295
591 1308
592 296
593 1309
594 297
595 1310
596 298
597 1311
598 299
599 1312
600 300
601 1313
602 301
603 1314
604 302
605 1315
606 303
607 1316
608 304
609 1317
610 305
611 1318
612 306
613 1319
614 307
615 1320
616 308
617 1321
618 309
619 1322
620 310
621 1323
622 311
623 1324
624 312
625 1325
626 313
627 1326
628 314
629 1327
630 315
631 1328
632 316
633 1329
634 317
635 1330
636 318
637 1331
638 319
639 1332
640 320
641 1333
642 321
643 1334
644 322
645 1335
646 323
647 1336
648 324
649 1337
650 325
651 1338
652 326
653 1339
654 327
655 1340
656 328
657 1341
658 329
659 1342
660 330
661 1343
662 331
663 1344
664 332
665 1345
666 333
667 1346
668 334
669 1347
670 335
671 1348
672 336
673 1349
674 337
675 1350
676 338
677 1351
678 339
679 1352
680 340
681 1353
682 341
683 1354
684 342
685 1355
686 343
687 1356
688 344
689 1357
690 345
691 1358
692 346
693 1359
694 347
695 1360
696 348
697 1361
698 349
699 1362
700 350
701 1363
702 351
703 1364
704 352
705 1365
706 353
707 1366
708 354
709 1367
710 355
711 1368
712 356
713 1369
714 357
715 1370
716 358
717 1371
718 359
719 1372
720 360
721 1373
722 361
723 1374
724 362
725 1375
726 363
727 1376
728 364
729 1377
730 365
731 1378
732 366
733 1379
734 367
735 1380
736 368
737 1381
738 369
739 1382
740 370
741 1383
742 371
743 1384
744 372
745 1385
746 373
747 1386
748 374
749 1387
750 375
751 1388
752 376
753 1389
754 377
755 1390
756 378
757 1391
758 379
759 1392
760 380
761 1393
762 381
763 1394
764 382
765 1395
766 383
767 1396
768 384
769 1397
770 385
771 1398
772 386
773 1399
774 387
775 1400
776 388
777 1401
778 389
779 1402
780 390
781 1403
782 391
783 1404
784 392
785 1405
786 393
787 1406
788 394
789 1407
790 395
791 1408
792 396
793 1409
794 397
795 1410
796 398
797 1411
798 399
799 1412
800 400
801 1413
802 401
803 1414
804 402
805 1415
806 403
807 1416
808 404
809 1417
810 405
811 1418
812 406
813 1419
814 407
815 1420
816 408
817 1421
818 409
819 1422
820 410
821 1423
822 411
823 1424
824 412
825 1425
826 413
827 1426
828 414
829 1427
830 415
831 1428
832 416
833 1429
834 417
835 1430
836 418
837 1431
838 419
839 1432
840 420
841 1433
842 421
843 1434
844 422
845 1435
846 423
847 1436
848 424
849 1437
850 425
851 1438
852 426
853 1439
854 427
855 1440
856 428
857 1441
858 429
859 1442
860 430
861 1443
862 431
863 1444
864 432
865 1445
866 433
867 1446
868 434
869 1447
870 435
871 1448
872 436
873 1449
874 437
875 1450
876 438
877 1451
878 439
879 1452
880 440
881 1453
882 441
883 1454
884 442
885 1455
886 443
887 1456
888 444
889 1457
890 445
891 1458
892 446
893 1459
894 447
895 1460
896 448
897 1461
898 449
899 1462
900 450
901 1463
902 451
903 1464
904 452
905 1465
906 453
907 1466
908 454
909 1467
910 455
911 1468
912 456
913 1469
914 457
915 1470
916 458
917 1471
918 459
919 1472
920 460
921 1473
922 461
923 1474
924 462
925 1475
926 463
927 1476
928 464
929 1477
930 465
931 1478
932 466
933 1479
934 467
935 1480
936 468
937 1481
938 469
939 1482
940 470
941 1483
942 471
943 1484
944 472
945 1485
946 473
947 1486
948 474
949 1487
950 475
951 1488
952 476
953 1489
954 477
955 1490
956 478
957 1491
958 479
959 1492
960 480
961 1493
962 481
963 1494
964 482
965 1495
966 483
967 1496
968 484
969 1497
970 485
971 1498
972 486
973 1499
974 487
975 1500
976 488
977 1501
978 489
979 1502
980 490
981 1503
982 491
983 1504
984 492
985 1505
986 493
987 1506
988 494
989 1507
990 495
991 1508
992 496
993 1509
994 497
995 1510
996 498
997 1511
998 499
999 1512
1000 500
1001 1513
1002 501
1003 1514
1004 502
1005 1515
1006 503
1007 1516
1008 504
1009 1517
1010 505
1011 1518
1012 506
1013 1519
1014 507
1015 1520
1016 508
1017 1521
1018 509
1019 1522
1020 510
1021 1523
1022 511
1023 1524
1024 512
1025 1525
1026 513
1027 1526
1028 514
1029 1527
1030 515
1031 1528
1032 516
1033 1529
1034 517
1035 1530
1036 518
1037 1531
1038 519
1039 1532
1040 520
1041 1533
1042 521
1043 1534
1044 522
1045 1535
1046 523
1047 1536
1048 524
1049 1537
1050 525
1051 1538
1052 526
1053 1539
1054 527
1055 1540
1056 528
1057 1541
1058 529
1059 1542
1060 530
1061 1543
1062 531
1063 1544
1064 532
1065 1545
1066 533
1067 1546
1068 534
1069 1547
1070 535
1071 1548
1072 536
1073 1549
1074 537
1075 1550
1076 538
1077 1551
1078 539
1079 1552
1080 540
1081 1553
1082 541
1083 1554
1084 542
1085 1555
1086 543
1087 1556
1088 544
1089 1557
1090 545
1091 1558
1092 546
1093 1559
1094 547
1095 1560
1096 548
1097 1561
1098 549
1099 1562
1100 550
1101 1563
1102 551
1103 1564
1104 552
1105 1565
1106 553
1107 1566
1108 554
1109 1567
1110 555
1111 1568
1112 556
1113 1569
1114 557
1115 1570
1116 558
1117 1571
1118 559
1119 1572
1120 560
1121 1573
1122 561
1123 1574
1124 562
1125 1575
1126 563
1127 1576
1128 564
1129 1577
1130 565
1131 1578
1132 566
1133 1579
1134 567
1135 1580
1136 568
1137 1581
1138 569
1139 1582
1140 570
1141 1583
1142 571
1143 1584
1144 572
1145 1585
1146 573
1147 1586
1148 574
1149 1587
1150 575
1151 1588
1152 576
1153 1589
1154 577
1155 1590
1156 578
1157 1591
1158 579
1159 1592
1160 580
1161 1593
1162 581
1163 1594
1164 582
1165 1595
1166 583
1167 1596
1168 584
1169 1597
1170 585
1171 1598
1172 586
1173 1599
1174 587
1175 1600
1176 588
1177 1601
1178 589
1179 1602
1180 590
1181 1603
1182 591
1183 1604
1184 592
1185 1605
1186 593
1187 1606
1188 594
1189 1607
1190 595
1191 1608
1192 596
1193 1609
1194 597
1195 1610
1196 598
1197 1611
1198 599
1199 1612
1200 600
1201 1613
1202 601
1203 1614
1204 602
1205 1615
1206 603
1207 1616
1208 604
1209 1617
1210 605
1211 1618
1212 606
1213 1619
1214 607
1215 1620
1216 608
1217 1621
1218 609
1219 1622
1220 610
1221 1623
1222 611
1223 1624
1224 612
1225 1625
1226 613
1227 1626
1228 614
1229 1627
1230 615
1231 1628
1232 616
1233 1629
1234 617
1235 1630
1236 618
1237 1631
1238 619
1239 1632
1240 620
1241 1633
1242 621
1243 1634
1244 622
1245 1635
1246 623
1247 1636
1248 624
1249 1637
1250 625
1251 1638
1252 626
1253 1639
1254 627
1255 1640
1256 628
1257 1641
1258 629
1259 1642
1260 630
1261 1643
1262 631
1263 1644
1264 632
1265 1645
1266 633
1267 1646
1268 634
1269 1647
1270 635
1271 1648
1272 636
1273 1649
1274 637
1275 1650
1276 638
1277 1651
1278 639
1279 1652
1280 640
1281 1653
1282 641
1283 1654
1284 642
1285 1655
1286 643
1287 1656
1288 644
1289 1657
1290 645
1291 1658
1292 646
1293 1659
1294 647
1295 1660
1296 648
1297 1661
1298 649
1299 1662
1300 650
1301 1663
1302 651
1303 1664
1304 652
1305 1665
1306 653
1307 1666
1308 654
1309 1667
1310 655
1311 1668
1312 656
1313 1669
1314 657
1315 1670
1316 658
1317 1671
1318 659
1319 1672
1320 660
1321 1673
1322 661
1323 1674
1324 662
1325 1675
1326 663
1327 1676
1328 664
1329 1677
1330 665
1331 1678
1332 666
1333 1679
1334 667
1335 1680
1336 668
1337 1681
1338 669
1339 1682
1340 670
1341 1683
1342 671
1343 1684
1344 672
1345 1685
1346 673
1347 1686
1348 674
1349 1687
1350 675
1351 1688
1352 676
1353 1689
1354 677
1355 1690
1356 678
1357 1691
1358 679
1359 1692
1360 680
1361 1693
1362 681
1363 1694
1364 682
1365 1695
1366 683
1367 1696
1368 684
1369 1697
1370 685
1371 1698
1372 686
1373 1699
1374 687
1375 1700
1376 688
1377 1701
1378 689
1379 1702
1380 690
1381 1703
1382 691
1383 1704
1384 692
1385 1705
1386 693
1387 1706
1388 694
1389 1707
1390 695
1391 1708
1392 696
1393 1709
1394 697
1395 1710
1396 698
1397 1711
1398 699
1399 1712
1400 700
1401 1713
1402 701
1403 1714
1404 702
1405 1715
1406 703
1407 1716
1408 704
1409 1717
1410 705
1411 1718
1412 706
1413 1719
1414 707
1415 1720
1416 708
1417 1721
1418 709
1419 1722
1420 710
1421 1723
1422 711
1423 1724
1424 712
1425 1725
1426 713
1427 1726
1428 714
1429 1727
1430 715
1431 1728
1432 716
1433 1729
1434 717
1435 1730
1436 718
1437 1731
1438 719
1439 1732
1440 720
1441 1733
1442 721
1443 1734
1444 722
1445 1735
1446 723
1447 1736
1448 724
1449 1737
1450 725
1451 1738
1452 726
1453 1739
1454 727
1455 1740
1456 728
1457 1741
1458 729
1459 1742
1460 730
1461 1743
1462 731
1463 1744
1464 732
1465 1745
1466 733
1467 1746
1468 734
1469 1747
1470 735
1471 1748
1472 736
1473 1749
1474 737
1475 1750
1476 738
1477 1751
1478 739
1479 1752
1480 740
1481 1753
1482 741
1483 1754
1484 742
1485 1755
1486 743
1487 1756
1488 744
1489 1757
1490 745
1491 1758
1492 746
1493 1759
1494 747
1495 1760
1496 748
1497 1761
1498 749
1499 1762
1500 750
1501 1763
1502 751
1503 1764
1504 752
1505 1765
1506 753
1507 1766
1508 754
1509 1767
1510 755
1511 1768
1512 756
1513 1769
1514 757
1515 1770
1516 758
1517 1771
1518 759
1519 1772
1520 760
1521 1773
1522 761
1523 1774
1524 762
1525 1775
1526 763
1527 1776
1528 764
1529 1777
1530 765
1531 1778
1532 766
1533 1779
1534 767
1535 1780
1536 768
1537 1781
1538 769
1539 1782
1540 770
1541 1783
1542 771
1543 1784
1544 772
1545 1785
1546 773
1547 1786
1548 774
1549 1787
1550 775
1551 1788
1552 776
1553 1789
1554 777
1555 1790
1556 778
1557 1791
1558 779
1559 1792
1560 780
1561 1793
1562 781
1563 1794
1564 782
1565 1795
1566 783
1567 1796
1568 784
1569 1797
1570 785
1571 1798
1572 786
1573 1799
1574 787
1575 1800
1576 788
1577 1801
1578 789
1579 1802
1580 790
1581 1803
1582 791
1583 1804
1584 792
1585 1805
1586 793
1587 1806
1588 794
1589 1807
1590 795
1591 1808
1592 796
1593 1809
1594 797
1595 1810
1596 798
1597 1811
1598 799
1599 1812
1600 800
1601 1813
1602 801
1603 1814
1604 802
1605 1815
1606 803
1607 1816
1608 804
1609 1817
1610 805
1611 1818
1612 806
1613 1819
1614 807
1615 1820
1616 808
1617 1821
1618 809
1619 1822
1620 810
1621 1823
1622 811
1623 1824
1624 812
1625 1825
1626 813
1627 1826
1628 814
1629 1827
1630 815
1631 1828
1632 816
1633 1829
1634 817
1635 1830
1636 818
1637 1831
1638 819
1639 1832
1640 820
1641 1833
1642 821
1643 1834
1644 822
1645 1835
1646 823
1647 1836
1648 824
1649 1837
1650 825
1651 1838
1652 826
1653 1839
1654 827
1655 1840
1656 828
1657 1841
1658 829
1659 1842
1660 830
1661 1843
1662 831
1663 1844
1664 832
1665 1845
1666 833
1667 1846
1668 834
1669 1847
1670 835
1671 1848
1672 836
1673 1849
1674 837
1675 1850
1676 838
1677 1851
1678 839
1679 1852
1680 840
1681 1853
1682 841
1683 1854
1684 842
1685 1855
1686 843
1687 1856
1688 844
1689 1857
1690 845
1691 1858
1692 846
1693 1859
1694 847
1695 1860
1696 848
1697 1861
1698 849
1699 1862
1700 850
1701 1863
1702 851
1703 1864
1704 852
1705 1865
1706 853
1707 1866
1708 854
1709 1867
1710 855
1711 1868
1712 856
1713 1869
1714 857
1715 1870
1716 858
1717 1871
1718 859
1719 1872
1720 860
1721 1873
1722 861
1723 1874
1724 862
1725 1875
1726 863
1727 1876
1728 864
1729 1877
1730 865
1731 1878
1732 866
1733 1879
1734 867
1735 1880
1736 868
1737 1881
1738 869
1739 1882
1740 870
1741 1883
1742 871
1743 1884
1744 872
1745 1885
1746 873
1747 1886
1748 874
1749 1887
1750 875
1751 1888
1752 876
1753 1889
1754 877
1755 1890
1756 878
1757 1891
1758 879
1759 1892
1760 880
1761 1893
1762 881
1763 1894
1764 882
1765 1895
1766 883
1767 1896
1768 884
1769 1897
1770 885
1771 1898
1772 886
1773 1899
1774 887
1775 1900
1776 888
1777 1901
1778 889
1779 1902
1780 890
1781 1903
1782 891
1783 1904
1784 892
1785 1905
1786 893
1787 1906
1788 894
1789 1907
1790 895
1791 1908
1792 896
1793 1909
1794 897
1795 1910
1796 898
1797 1911
1798 899
1799 1912
1800 900
1801 1913
1802 901
1803 1914
1804 902
1805 1915
1806 903
1807 1916
1808 904
1809 1917
1810 905
1811 1918
1812 906
1813 1919
1814 907
1815 1920
1816 908
1817 1921
1818 909
1819 1922
1820 910
1821 1923
1822 911
1823 1924
1824 912
1825 1925
1826 913
1827 1926
1828 914
1829 1927
1830 915
1831 1928
1832 916
1833 1929
1834 917
1835 1930
1836 918
1837 1931
1838 919
1839 1932
1840 920
1841 1933
1842 921
1843 1934
1844 922
1845 1935
1846 923
1847 1936
1848 924
1849 1937
1850 925
1851 1938
1852 926
1853 1939
1854 927
1855 1940
1856 928
1857 1941
1858 929
1859 1942
1860 930
1861 1943
1862 931
1863 1944
1864 932
1865 1945
1866 933
1867 1946
1868 934
1869 1947
1870 935
1871 1948
1872 936
1873 1949
1874 937
1875 1950
1876 938
1877 1951
1878 939
1879 1952
1880 940
1881 1953
1882 941
1883 1954
1884 942
1885 1955
1886 943
1887 1956
1888 944
1889 1957
1890 945
1891 1958
1892 946
1893 1959
1894 947
1895 1960
1896 948
1897 1961
1898 949
1899 1962
1900 950
1901 1963
1902 951
1903 1964
1904 952
1905 1965
1906 953
1907 1966
1908 954
1909 1967
1910 955
1911 1968
1912 956
1913 1969
1914 957
1915 1970
1916 958
1917 1971
1918 959
1919 1972
1920 960
1921 1973
1922 961
1923 1974
1924 962
1925 1975
1926 963
1927 1976
1928 964
1929 1977
1930 965
1931 1978
1932 966
1933 1979
1934 967
1935 1980
1936 968
1937 1981
1938 969
1939 1982
1940 970
1941 1983
1942 971
1943 1984
1944 972
1945 1985
1946 973
1947 1986
1948 974
1949 1987
1950 975
1951 1988
1952 976
1953 1989
1954 977
1955 1990
1956 978
1957 1991
1958 979
1959 1992
1960 980
1961 1993
1962 981
1963 1994
1964 982
1965 1995
1966 983
1967 1996
1968 984
1969 1997
1970 985
1971 1998
1972 986
1973 1999
1974 987
1975 2000
1976 988
1977 2001
1978 989
1979 2002
1980 990
1981 2003
1982 991
1983 2004
1984 992
1985 2005
1986 993
1987 2006
1988 994
1989 2007
1990 995
1991 2008
1992 996
1993 2009
1994 997
1995 2010
1996 998
1997 2011
1998 999
1999 2012
2000 1000
2001 2013
2002 1001
2003 2014
2004 1002
2005 2015
2006 1003
2007 2016
2008 1004
2009 2017
2010 1005
2011 2018
2012 1006
2013 2019
2014 1007
2015 2020
2016 1008
2017 2021
2018 1009
2019 2022
2020 1010
2021 2023
2022 1011
2023 2024
2024 1012
2025 2025
