%%MatrixMarket matrix coordinate pattern general
% Label: (0)
4351 4351 4351
1 1
2 2177
3 2
4 2178
5 3
6 2179
7 4
8 2180
9 5
10 2181
11 6
12 2182
13 7
14 2183
15 8
16 2184
17 9
18 2185
19 10
20 2186
21 11
22 2187
23 12
24 2188
25 13
26 2189
27 14
28 2190
29 15
30 2191
31 16
32 2192
33 17
34 2193
35 18
36 2194
37 19
38 2195
39 20
40 2196
41 21
42 2197
43 22
44 2198
45 23
46 2199
47 24
48 2200
49 25
50 2201
51 26
52 2202
53 27
54 2203
55 28
56 2204
57 29
58 2205
59 30
60 2206
61 31
62 2207
63 32
64 2208
65 33
66 2209
67 34
68 2210
69 35
70 2211
71 36
72 2212
73 37
74 2213
75 38
76 2214
77 39
78 2215
79 40
80 2216
81 41
82 2217
83 42
84 2218
85 43
86 2219
87 44
88 2220
89 45
90 2221
91 46
92 2222
93 47
94 2223
95 48
96 2224
97 49
98 2225
99 50
100 2226
101 51
102 2227
103 52
104 2228
105 53
106 2229
107 54
108 2230
109 55
110 2231
111 56
112 2232
113 57
114 2233
115 58
116 2234
117 59
118 2235
119 60
120 2236
121 61
122 2237
123 62
124 2238
125 63
126 2239
127 64
128 2240
129 65
130 2241
131 66
132 2242
133 67
134 2243
135 68
136 2244
137 69
138 2245
139 70
140 2246
141 71
142 2247
143 72
144 2248
145 73
146 2249
147 74
148 2250
149 75
150 2251
151 76
152 2252
153 77
154 2253
155 78
156 2254
157 79
158 2255
159 80
160 2256
161 81
162 2257
163 82
164 2258
165 83
166 2259
167 84
168 2260
169 85
170 2261
171 86
172 2262
173 87
174 2263
175 88
176 2264
177 89
178 2265
179 90
180 2266
181 91
182 2267
183 92
184 2268
185 93
186 2269
187 94
188 2270
189 95
190 2271
191 96
192 2272
193 97
194 2273
195 98
196 2274
197 99
198 2275
199 100
200 2276
201 101
202 2277
203 102
204 2278
205 103
206 2279
207 104
208 2280
209 105
210 2281
211 106
212 2282
213 107
214 2283
215 108
216 2284
217 109
218 2285
219 110
220 2286
221 111
222 2287
223 112
224 2288
225 113
226 2289
227 114
228 2290
229 115
230 2291
231 116
232 2292
233 117
234 2293
235 118
236 2294
237 119
238 2295
239 120
240 2296
241 121
242 2297
243 122
244 2298
245 123
246 2299
247 124
248 2300
249 125
250 2301
251 126
252 2302
253 127
254 2303
255 128
256 2304
257 129
258 2305
259 130
260 2306
261 131
262 2307
263 132
264 2308
265 133
266 2309
267 134
268 2310
269 135
270 2311
271 136
272 2312
273 137
274 2313
275 138
276 2314
277 139
278 2315
279 140
280 2316
281 141
282 2317
283 142
284 2318
285 143
286 2319
287 144
288 2320
289 145
290 2321
291 146
292 2322
293 147
294 2323
295 148
296 2324
297 149
298 2325
299 150
300 2326
301 151
302 2327
303 152
304 2328
305 153
306 2329
307 154
308 2330
309 155
310 2331
311 156
312 2332
313 157
314 2333
315 158
316 2334
317 159
318 2335
319 160
320 2336
321 161
322 2337
323 162
324 2338
325 163
326 2339
327 164
328 2340
329 165
330 2341
331 166
332 2342
333 167
334 2343
335 168
336 2344
337 169
338 2345
339 170
340 2346
341 171
342 2347
343 172
344 2348
345 173
346 2349
347 174
348 2350
349 175
350 2351
351 176
352 2352
353 177
354 2353
355 178
356 2354
357 179
358 2355
359 180
360 2356
361 181
362 2357
363 182
364 2358
365 183
366 2359
367 184
368 2360
369 185
370 2361
371 186
372 2362
373 187
374 2363
375 188
376 2364
377 189
378 2365
379 190
380 2366
381 191
382 2367
383 192
384 2368
385 193
386 2369
387 194
388 2370
389 195
390 2371
391 196
392 2372
393 197
394 2373
395 198
396 2374
397 199
398 2375
399 200
400 2376
401 201
402 2377
403 202
404 2378
405 203
406 2379
407 204
408 2380
409 205
410 2381
411 206
412 2382
413 207
414 2383
415 208
416 2384
417 209
418 2385
419 210
420 2386
421 211
422 2387
423 212
424 2388
425 213
426 2389
427 214
428 2390
429 215
430 2391
431 216
432 2392
433 217
434 2393
435 218
436 2394
437 219
438 2395
439 220
440 2396
441 221
442 2397
443 222
444 2398
445 223
446 2399
447 224
448 2400
449 225
450 2401
451 226
452 2402
453 227
454 2403
455 228
456 2404
457 229
458 2405
459 230
460 2406
461 231
462 2407
463 232
464 2408
465 233
466 2409
467 234
468 2410
469 235
470 2411
471 236
472 2412
473 237
474 2413
475 238
476 2414
477 239
478 2415
479 240
480 2416
481 241
482 2417
483 242
484 2418
485 243
486 2419
487 244
488 2420
489 245
490 2421
491 246
492 2422
493 247
494 2423
495 248
496 2424
497 249
498 2425
499 250
500 2426
501 251
502 2427
503 252
504 2428
505 253
506 2429
507 254
508 2430
509 255
510 2431
511 256
512 2432
513 257
514 2433
515 258
516 2434
517 259
518 2435
519 260
520 2436
521 261
522 2437
523 262
524 2438
525 263
526 2439
527 264
528 2440
529 265
530 2441
531 266
532 2442
533 267
534 2443
535 268
536 2444
537 269
538 2445
539 270
540 2446
541 271
542 2447
543 272
544 2448
545 273
546 2449
547 274
548 2450
549 275
550 2451
551 276
552 2452
553 277
554 2453
555 278
556 2454
557 279
558 2455
559 280
560 2456
561 281
562 2457
563 282
564 2458
565 283
566 2459
567 284
568 2460
569 285
570 2461
571 286
572 2462
573 287
574 2463
575 288
576 2464
577 289
578 2465
579 290
580 2466
581 291
582 2467
583 292
584 2468
585 293
586 2469
587 294
588 2470
589 295
590 2471
591 296
592 2472
593 297
594 2473
595 298
596 2474
597 299
598 2475
599 300
600 2476
601 301
602 2477
603 302
604 2478
605 303
606 2479
607 304
608 2480
609 305
610 2481
611 306
612 2482
613 307
614 2483
615 308
616 2484
617 309
618 2485
619 310
620 2486
621 311
622 2487
623 312
624 2488
625 313
626 2489
627 314
628 2490
629 315
630 2491
631 316
632 2492
633 317
634 2493
635 318
636 2494
637 319
638 2495
639 320
640 2496
641 321
642 2497
643 322
644 2498
645 323
646 2499
647 324
648 2500
649 325
650 2501
651 326
652 2502
653 327
654 2503
655 328
656 2504
657 329
658 2505
659 330
660 2506
661 331
662 2507
663 332
664 2508
665 333
666 2509
667 334
668 2510
669 335
670 2511
671 336
672 2512
673 337
674 2513
675 338
676 2514
677 339
678 2515
679 340
680 2516
681 341
682 2517
683 342
684 2518
685 343
686 2519
687 344
688 2520
689 345
690 2521
691 346
692 2522
693 347
694 2523
695 348
696 2524
697 349
698 2525
699 350
700 2526
701 351
702 2527
703 352
704 2528
705 353
706 2529
707 354
708 2530
709 355
710 2531
711 356
712 2532
713 357
714 2533
715 358
716 2534
717 359
718 2535
719 360
720 2536
721 361
722 2537
723 362
724 2538
725 363
726 2539
727 364
728 2540
729 365
730 2541
731 366
732 2542
733 367
734 2543
735 368
736 2544
737 369
738 2545
739 370
740 2546
741 371
742 2547
743 372
744 2548
745 373
746 2549
747 374
748 2550
749 375
750 2551
751 376
752 2552
753 377
754 2553
755 378
756 2554
757 379
758 2555
759 380
760 2556
761 381
762 2557
763 382
764 2558
765 383
766 2559
767 384
768 2560
769 385
770 2561
771 386
772 2562
773 387
774 2563
775 388
776 2564
777 389
778 2565
779 390
780 2566
781 391
782 2567
783 392
784 2568
785 393
786 2569
787 394
788 2570
789 395
790 2571
791 396
792 2572
793 397
794 2573
795 398
796 2574
797 399
798 2575
799 400
800 2576
801 401
802 2577
803 402
804 2578
805 403
806 2579
807 404
808 2580
809 405
810 2581
811 406
812 2582
813 407
814 2583
815 408
816 2584
817 409
818 2585
819 410
820 2586
821 411
822 2587
823 412
824 2588
825 413
826 2589
827 414
828 2590
829 415
830 2591
831 416
832 2592
833 417
834 2593
835 418
836 2594
837 419
838 2595
839 420
840 2596
841 421
842 2597
843 422
844 2598
845 423
846 2599
847 424
848 2600
849 425
850 2601
851 426
852 2602
853 427
854 2603
855 428
856 2604
857 429
858 2605
859 430
860 2606
861 431
862 2607
863 432
864 2608
865 433
866 2609
867 434
868 2610
869 435
870 2611
871 436
872 2612
873 437
874 2613
875 438
876 2614
877 439
878 2615
879 440
880 2616
881 441
882 2617
883 442
884 2618
885 443
886 2619
887 444
888 2620
889 445
890 2621
891 446
892 2622
893 447
894 2623
895 448
896 2624
897 449
898 2625
899 450
900 2626
901 451
902 2627
903 452
904 2628
905 453
906 2629
907 454
908 2630
909 455
910 2631
911 456
912 2632
913 457
914 2633
915 458
916 2634
917 459
918 2635
919 460
920 2636
921 461
922 2637
923 462
924 2638
925 463
926 2639
927 464
928 2640
929 465
930 2641
931 466
932 2642
933 467
934 2643
935 468
936 2644
937 469
938 2645
939 470
940 2646
941 471
942 2647
943 472
944 2648
945 473
946 2649
947 474
948 2650
949 475
950 2651
951 476
952 2652
953 477
954 2653
955 478
956 2654
957 479
958 2655
959 480
960 2656
961 481
962 2657
963 482
964 2658
965 483
966 2659
967 484
968 2660
969 485
970 2661
971 486
972 2662
973 487
974 2663
975 488
976 2664
977 489
978 2665
979 490
980 2666
981 491
982 2667
983 492
984 2668
985 493
986 2669
987 494
988 2670
989 495
990 2671
991 496
992 2672
993 497
994 2673
995 498
996 2674
997 499
998 2675
999 500
1000 2676
1001 501
1002 2677
1003 502
1004 2678
1005 503
1006 2679
1007 504
1008 2680
1009 505
1010 2681
1011 506
1012 2682
1013 507
1014 2683
1015 508
1016 2684
1017 509
1018 2685
1019 510
1020 2686
1021 511
1022 2687
1023 512
1024 2688
1025 513
1026 2689
1027 514
1028 2690
1029 515
1030 2691
1031 516
1032 2692
1033 517
1034 2693
1035 518
1036 2694
1037 519
1038 2695
1039 520
1040 2696
1041 521
1042 2697
1043 522
1044 2698
1045 523
1046 2699
1047 524
1048 2700
1049 525
1050 2701
1051 526
1052 2702
1053 527
1054 2703
1055 528
1056 2704
1057 529
1058 2705
1059 530
1060 2706
1061 531
1062 2707
1063 532
1064 2708
1065 533
1066 2709
1067 534
1068 2710
1069 535
1070 2711
1071 536
1072 2712
1073 537
1074 2713
1075 538
1076 2714
1077 539
1078 2715
1079 540
1080 2716
1081 541
1082 2717
1083 542
1084 2718
1085 543
1086 2719
1087 544
1088 2720
1089 545
1090 2721
1091 546
1092 2722
1093 547
1094 2723
1095 548
1096 2724
1097 549
1098 2725
1099 550
1100 2726
1101 551
1102 2727
1103 552
1104 2728
1105 553
1106 2729
1107 554
1108 2730
1109 555
1110 2731
1111 556
1112 2732
1113 557
1114 2733
1115 558
1116 2734
1117 559
1118 2735
1119 560
1120 2736
1121 561
1122 2737
1123 562
1124 2738
1125 563
1126 2739
1127 564
1128 2740
1129 565
1130 2741
1131 566
1132 2742
1133 567
1134 2743
1135 568
1136 2744
1137 569
1138 2745
1139 570
1140 2746
1141 571
1142 2747
1143 572
1144 2748
1145 573
1146 2749
1147 574
1148 2750
1149 575
1150 2751
1151 576
1152 2752
1153 577
1154 2753
1155 578
1156 2754
1157 579
1158 2755
1159 580
1160 2756
1161 581
1162 2757
1163 582
1164 2758
1165 583
1166 2759
1167 584
1168 2760
1169 585
1170 2761
1171 586
1172 2762
1173 587
1174 2763
1175 588
1176 2764
1177 589
1178 2765
1179 590
1180 2766
1181 591
1182 2767
1183 592
1184 2768
1185 593
1186 2769
1187 594
1188 2770
1189 595
1190 2771
1191 596
1192 2772
1193 597
1194 2773
1195 598
1196 2774
1197 599
1198 2775
1199 600
1200 2776
1201 601
1202 2777
1203 602
1204 2778
1205 603
1206 2779
1207 604
1208 2780
1209 605
1210 2781
1211 606
1212 2782
1213 607
1214 2783
1215 608
1216 2784
1217 609
1218 2785
1219 610
1220 2786
1221 611
1222 2787
1223 612
1224 2788
1225 613
1226 2789
1227 614
1228 2790
1229 615
1230 2791
1231 616
1232 2792
1233 617
1234 2793
1235 618
1236 2794
1237 619
1238 2795
1239 620
1240 2796
1241 621
1242 2797
1243 622
1244 2798
1245 623
1246 2799
1247 624
1248 2800
1249 625
1250 2801
1251 626
1252 2802
1253 627
1254 2803
1255 628
1256 2804
1257 629
1258 2805
1259 630
1260 2806
1261 631
1262 2807
1263 632
1264 2808
1265 633
1266 2809
1267 634
1268 2810
1269 635
1270 2811
1271 636
1272 2812
1273 637
1274 2813
1275 638
1276 2814
1277 639
1278 2815
1279 640
1280 2816
1281 641
1282 2817
1283 642
1284 2818
1285 643
1286 2819
1287 644
1288 2820
1289 645
1290 2821
1291 646
1292 2822
1293 647
1294 2823
1295 648
1296 2824
1297 649
1298 2825
1299 650
1300 2826
1301 651
1302 2827
1303 652
1304 2828
1305 653
1306 2829
1307 654
1308 2830
1309 655
1310 2831
1311 656
1312 2832
1313 657
1314 2833
1315 658
1316 2834
1317 659
1318 2835
1319 660
1320 2836
1321 661
1322 2837
1323 662
1324 2838
1325 663
1326 2839
1327 664
1328 2840
1329 665
1330 2841
1331 666
1332 2842
1333 667
1334 2843
1335 668
1336 2844
1337 669
1338 2845
1339 670
1340 2846
1341 671
1342 2847
1343 672
1344 2848
1345 673
1346 2849
1347 674
1348 2850
1349 675
1350 2851
1351 676
1352 2852
1353 677
1354 2853
1355 678
1356 2854
1357 679
1358 2855
1359 680
1360 2856
1361 681
1362 2857
1363 682
1364 2858
1365 683
1366 2859
1367 684
1368 2860
1369 685
1370 2861
1371 686
1372 2862
1373 687
1374 2863
1375 688
1376 2864
1377 689
1378 2865
1379 690
1380 2866
1381 691
1382 2867
1383 692
1384 2868
1385 693
1386 2869
1387 694
1388 2870
1389 695
1390 2871
1391 696
1392 2872
1393 697
1394 2873
1395 698
1396 2874
1397 699
1398 2875
1399 700
1400 2876
1401 701
1402 2877
1403 702
1404 2878
1405 703
1406 2879
1407 704
1408 2880
1409 705
1410 2881
1411 706
1412 2882
1413 707
1414 2883
1415 708
1416 2884
1417 709
1418 2885
1419 710
1420 2886
1421 711
1422 2887
1423 712
1424 2888
1425 713
1426 2889
1427 714
1428 2890
1429 715
1430 2891
1431 716
1432 2892
1433 717
1434 2893
1435 718
1436 2894
1437 719
1438 2895
1439 720
1440 2896
1441 721
1442 2897
1443 722
1444 2898
1445 723
1446 2899
1447 724
1448 2900
1449 725
1450 2901
1451 726
1452 2902
1453 727
1454 2903
1455 728
1456 2904
1457 729
1458 2905
1459 730
1460 2906
1461 731
1462 2907
1463 732
1464 2908
1465 733
1466 2909
1467 734
1468 2910
1469 735
1470 2911
1471 736
1472 2912
1473 737
1474 2913
1475 738
1476 2914
1477 739
1478 2915
1479 740
1480 2916
1481 741
1482 2917
1483 742
1484 2918
1485 743
1486 2919
1487 744
1488 2920
1489 745
1490 2921
1491 746
1492 2922
1493 747
1494 2923
1495 748
1496 2924
1497 749
1498 2925
1499 750
1500 2926
1501 751
1502 2927
1503 752
1504 2928
1505 753
1506 2929
1507 754
1508 2930
1509 755
1510 2931
1511 756
1512 2932
1513 757
1514 2933
1515 758
1516 2934
1517 759
1518 2935
1519 760
1520 2936
1521 761
1522 2937
1523 762
1524 2938
1525 763
1526 2939
1527 764
1528 2940
1529 765
1530 2941
1531 766
1532 2942
1533 767
1534 2943
1535 768
1536 2944
1537 769
1538 2945
1539 770
1540 2946
1541 771
1542 2947
1543 772
1544 2948
1545 773
1546 2949
1547 774
1548 2950
1549 775
1550 2951
1551 776
1552 2952
1553 777
1554 2953
1555 778
1556 2954
1557 779
1558 2955
1559 780
1560 2956
1561 781
1562 2957
1563 782
1564 2958
1565 783
1566 2959
1567 784
1568 2960
1569 785
1570 2961
1571 786
1572 2962
1573 787
1574 2963
1575 788
1576 2964
1577 789
1578 2965
1579 790
1580 2966
1581 791
1582 2967
1583 792
1584 2968
1585 793
1586 2969
1587 794
1588 2970
1589 795
1590 2971
1591 796
1592 2972
1593 797
1594 2973
1595 798
1596 2974
1597 799
1598 2975
1599 800
1600 2976
1601 801
1602 2977
1603 802
1604 2978
1605 803
1606 2979
1607 804
1608 2980
1609 805
1610 2981
1611 806
1612 2982
1613 807
1614 2983
1615 808
1616 2984
1617 809
1618 2985
1619 810
1620 2986
1621 811
1622 2987
1623 812
1624 2988
1625 813
1626 2989
1627 814
1628 2990
1629 815
1630 2991
1631 816
1632 2992
1633 817
1634 2993
1635 818
1636 2994
1637 819
1638 2995
1639 820
1640 2996
1641 821
1642 2997
1643 822
1644 2998
1645 823
1646 2999
1647 824
1648 3000
1649 825
1650 3001
1651 826
1652 3002
1653 827
1654 3003
1655 828
1656 3004
1657 829
1658 3005
1659 830
1660 3006
1661 831
1662 3007
1663 832
1664 3008
1665 833
1666 3009
1667 834
1668 3010
1669 835
1670 3011
1671 836
1672 3012
1673 837
1674 3013
1675 838
1676 3014
1677 839
1678 3015
1679 840
1680 3016
1681 841
1682 3017
1683 842
1684 3018
1685 843
1686 3019
1687 844
1688 3020
1689 845
1690 3021
1691 846
1692 3022
1693 847
1694 3023
1695 848
1696 3024
1697 849
1698 3025
1699 850
1700 3026
1701 851
1702 3027
1703 852
1704 3028
1705 853
1706 3029
1707 854
1708 3030
1709 855
1710 3031
1711 856
1712 3032
1713 857
1714 3033
1715 858
1716 3034
1717 859
1718 3035
1719 860
1720 3036
1721 861
1722 3037
1723 862
1724 3038
1725 863
1726 3039
1727 864
1728 3040
1729 865
1730 3041
1731 866
1732 3042
1733 867
1734 3043
1735 868
1736 3044
1737 869
1738 3045
1739 870
1740 3046
1741 871
1742 3047
1743 872
1744 3048
1745 873
1746 3049
1747 874
1748 3050
1749 875
1750 3051
1751 876
1752 3052
1753 877
1754 3053
1755 878
1756 3054
1757 879
1758 3055
1759 880
1760 3056
1761 881
1762 3057
1763 882
1764 3058
1765 883
1766 3059
1767 884
1768 3060
1769 885
1770 3061
1771 886
1772 3062
1773 887
1774 3063
1775 888
1776 3064
1777 889
1778 3065
1779 890
1780 3066
1781 891
1782 3067
1783 892
1784 3068
1785 893
1786 3069
1787 894
1788 3070
1789 895
1790 3071
1791 896
1792 3072
1793 897
1794 3073
1795 898
1796 3074
1797 899
1798 3075
1799 900
1800 3076
1801 901
1802 3077
1803 902
1804 3078
1805 903
1806 3079
1807 904
1808 3080
1809 905
1810 3081
1811 906
1812 3082
1813 907
1814 3083
1815 908
1816 3084
1817 909
1818 3085
1819 910
1820 3086
1821 911
1822 3087
1823 912
1824 3088
1825 913
1826 3089
1827 914
1828 3090
1829 915
1830 3091
1831 916
1832 3092
1833 917
1834 3093
1835 918
1836 3094
1837 919
1838 3095
1839 920
1840 3096
1841 921
1842 3097
1843 922
1844 3098
1845 923
1846 3099
1847 924
1848 3100
1849 925
1850 3101
1851 926
1852 3102
1853 927
1854 3103
1855 928
1856 3104
1857 929
1858 3105
1859 930
1860 3106
1861 931
1862 3107
1863 932
1864 3108
1865 933
1866 3109
1867 934
1868 3110
1869 935
1870 3111
1871 936
1872 3112
1873 937
1874 3113
1875 938
1876 3114
1877 939
1878 3115
1879 940
1880 3116
1881 941
1882 3117
1883 942
1884 3118
1885 943
1886 3119
1887 944
1888 3120
1889 945
1890 3121
1891 946
1892 3122
1893 947
1894 3123
1895 948
1896 3124
1897 949
1898 3125
1899 950
1900 3126
1901 951
1902 3127
1903 952
1904 3128
1905 953
1906 3129
1907 954
1908 3130
1909 955
1910 3131
1911 956
1912 3132
1913 957
1914 3133
1915 958
1916 3134
1917 959
1918 3135
1919 960
1920 3136
1921 961
1922 3137
1923 962
1924 3138
1925 963
1926 3139
1927 964
1928 3140
1929 965
1930 3141
1931 966
1932 3142
1933 967
1934 3143
1935 968
1936 3144
1937 969
1938 3145
1939 970
1940 3146
1941 971
1942 3147
1943 972
1944 3148
1945 973
1946 3149
1947 974
1948 3150
1949 975
1950 3151
1951 976
1952 3152
1953 977
1954 3153
1955 978
1956 3154
1957 979
1958 3155
1959 980
1960 3156
1961 981
1962 3157
1963 982
1964 3158
1965 983
1966 3159
1967 984
1968 3160
1969 985
1970 3161
1971 986
1972 3162
1973 987
1974 3163
1975 988
1976 3164
1977 989
1978 3165
1979 990
1980 3166
1981 991
1982 3167
1983 992
1984 3168
1985 993
1986 3169
1987 994
1988 3170
1989 995
1990 3171
1991 996
1992 3172
1993 997
1994 3173
1995 998
1996 3174
1997 999
1998 3175
1999 1000
2000 3176
2001 1001
2002 3177
2003 1002
2004 3178
2005 1003
2006 3179
2007 1004
2008 3180
2009 1005
2010 3181
2011 1006
2012 3182
2013 1007
2014 3183
2015 1008
2016 3184
2017 1009
2018 3185
2019 1010
2020 3186
2021 1011
2022 3187
2023 1012
2024 3188
2025 1013
2026 3189
2027 1014
2028 3190
2029 1015
2030 3191
2031 1016
2032 3192
2033 1017
2034 3193
2035 1018
2036 3194
2037 1019
2038 3195
2039 1020
2040 3196
2041 1021
2042 3197
2043 1022
2044 3198
2045 1023
2046 3199
2047 1024
2048 3200
2049 1025
2050 3201
2051 1026
2052 3202
2053 1027
2054 3203
2055 1028
2056 3204
2057 1029
2058 3205
2059 1030
2060 3206
2061 1031
2062 3207
2063 1032
2064 3208
2065 1033
2066 3209
2067 1034
2068 3210
2069 1035
2070 3211
2071 1036
2072 3212
2073 1037
2074 3213
2075 1038
2076 3214
2077 1039
2078 3215
2079 1040
2080 3216
2081 1041
2082 3217
2083 1042
2084 3218
2085 1043
2086 3219
2087 1044
2088 3220
2089 1045
2090 3221
2091 1046
2092 3222
2093 1047
2094 3223
2095 1048
2096 3224
2097 1049
2098 3225
2099 1050
2100 3226
2101 1051
2102 3227
2103 1052
2104 3228
2105 1053
2106 3229
2107 1054
2108 3230
2109 1055
2110 3231
2111 1056
2112 3232
2113 1057
2114 3233
2115 1058
2116 3234
2117 1059
2118 3235
2119 1060
2120 3236
2121 1061
2122 3237
2123 1062
2124 3238
2125 1063
2126 3239
2127 1064
2128 3240
2129 1065
2130 3241
2131 1066
2132 3242
2133 1067
2134 3243
2135 1068
2136 3244
2137 1069
2138 3245
2139 1070
2140 3246
2141 1071
2142 3247
2143 1072
2144 3248
2145 1073
2146 3249
2147 1074
2148 3250
2149 1075
2150 3251
2151 1076
2152 3252
2153 1077
2154 3253
2155 1078
2156 3254
2157 1079
2158 3255
2159 1080
2160 3256
2161 1081
2162 3257
2163 1082
2164 3258
2165 1083
2166 3259
2167 1084
2168 3260
2169 1085
2170 3261
2171 1086
2172 3262
2173 1087
2174 3263
2175 1088
2176 3264
2177 1089
2178 3265
2179 1090
2180 3266
2181 1091
2182 3267
2183 1092
2184 3268
2185 1093
2186 3269
2187 1094
2188 3270
2189 1095
2190 3271
2191 1096
2192 3272
2193 1097
2194 3273
2195 1098
2196 3274
2197 1099
2198 3275
2199 1100
2200 3276
2201 1101
2202 3277
2203 1102
2204 3278
2205 1103
2206 3279
2207 1104
2208 3280
2209 1105
2210 3281
2211 1106
2212 3282
2213 1107
2214 3283
2215 1108
2216 3284
2217 1109
2218 3285
2219 1110
2220 3286
2221 1111
2222 3287
2223 1112
2224 3288
2225 1113
2226 3289
2227 1114
2228 3290
2229 1115
2230 3291
2231 1116
2232 3292
2233 1117
2234 3293
2235 1118
2236 3294
2237 1119
2238 3295
2239 1120
2240 3296
2241 1121
2242 3297
2243 1122
2244 3298
2245 1123
2246 3299
2247 1124
2248 3300
2249 1125
2250 3301
2251 1126
2252 3302
2253 1127
2254 3303
2255 1128
2256 3304
2257 1129
2258 3305
2259 1130
2260 3306
2261 1131
2262 3307
2263 1132
2264 3308
2265 1133
2266 3309
2267 1134
2268 3310
2269 1135
2270 3311
2271 1136
2272 3312
2273 1137
2274 3313
2275 1138
2276 3314
2277 1139
2278 3315
2279 1140
2280 3316
2281 1141
2282 3317
2283 1142
2284 3318
2285 1143
2286 3319
2287 1144
2288 3320
2289 1145
2290 3321
2291 1146
2292 3322
2293 1147
2294 3323
2295 1148
2296 3324
2297 1149
2298 3325
2299 1150
2300 3326
2301 1151
2302 3327
2303 1152
2304 3328
2305 1153
2306 3329
2307 1154
2308 3330
2309 1155
2310 3331
2311 1156
2312 3332
2313 1157
2314 3333
2315 1158
2316 3334
2317 1159
2318 3335
2319 1160
2320 3336
2321 1161
2322 3337
2323 1162
2324 3338
2325 1163
2326 3339
2327 1164
2328 3340
2329 1165
2330 3341
2331 1166
2332 3342
2333 1167
2334 3343
2335 1168
2336 3344
2337 1169
2338 3345
2339 1170
2340 3346
2341 1171
2342 3347
2343 1172
2344 3348
2345 1173
2346 3349
2347 1174
2348 3350
2349 1175
2350 3351
2351 1176
2352 3352
2353 1177
2354 3353
2355 1178
2356 3354
2357 1179
2358 3355
2359 1180
2360 3356
2361 1181
2362 3357
2363 1182
2364 3358
2365 1183
2366 3359
2367 1184
2368 3360
2369 1185
2370 3361
2371 1186
2372 3362
2373 1187
2374 3363
2375 1188
2376 3364
2377 1189
2378 3365
2379 1190
2380 3366
2381 1191
2382 3367
2383 1192
2384 3368
2385 1193
2386 3369
2387 1194
2388 3370
2389 1195
2390 3371
2391 1196
2392 3372
2393 1197
2394 3373
2395 1198
2396 3374
2397 1199
2398 3375
2399 1200
2400 3376
2401 1201
2402 3377
2403 1202
2404 3378
2405 1203
2406 3379
2407 1204
2408 3380
2409 1205
2410 3381
2411 1206
2412 3382
2413 1207
2414 3383
2415 1208
2416 3384
2417 1209
2418 3385
2419 1210
2420 3386
2421 1211
2422 3387
2423 1212
2424 3388
2425 1213
2426 3389
2427 1214
2428 3390
2429 1215
2430 3391
2431 1216
2432 3392
2433 1217
2434 3393
2435 1218
2436 3394
2437 1219
2438 3395
2439 1220
2440 3396
2441 1221
2442 3397
2443 1222
2444 3398
2445 1223
2446 3399
2447 1224
2448 3400
2449 1225
2450 3401
2451 1226
2452 3402
2453 1227
2454 3403
2455 1228
2456 3404
2457 1229
2458 3405
2459 1230
2460 3406
2461 1231
2462 3407
2463 1232
2464 3408
2465 1233
2466 3409
2467 1234
2468 3410
2469 1235
2470 3411
2471 1236
2472 3412
2473 1237
2474 3413
2475 1238
2476 3414
2477 1239
2478 3415
2479 1240
2480 3416
2481 1241
2482 3417
2483 1242
2484 3418
2485 1243
2486 3419
2487 1244
2488 3420
2489 1245
2490 3421
2491 1246
2492 3422
2493 1247
2494 3423
2495 1248
2496 3424
2497 1249
2498 3425
2499 1250
2500 3426
2501 1251
2502 3427
2503 1252
2504 3428
2505 1253
2506 3429
2507 1254
2508 3430
2509 1255
2510 3431
2511 1256
2512 3432
2513 1257
2514 3433
2515 1258
2516 3434
2517 1259
2518 3435
2519 1260
2520 3436
2521 1261
2522 3437
2523 1262
2524 3438
2525 1263
2526 3439
2527 1264
2528 3440
2529 1265
2530 3441
2531 1266
2532 3442
2533 1267
2534 3443
2535 1268
2536 3444
2537 1269
2538 3445
2539 1270
2540 3446
2541 1271
2542 3447
2543 1272
2544 3448
2545 1273
2546 3449
2547 1274
2548 3450
2549 1275
2550 3451
2551 1276
2552 3452
2553 1277
2554 3453
2555 1278
2556 3454
2557 1279
2558 3455
2559 1280
2560 3456
2561 1281
2562 3457
2563 1282
2564 3458
2565 1283
2566 3459
2567 1284
2568 3460
2569 1285
2570 3461
2571 1286
2572 3462
2573 1287
2574 3463
2575 1288
2576 3464
2577 1289
2578 3465
2579 1290
2580 3466
2581 1291
2582 3467
2583 1292
2584 3468
2585 1293
2586 3469
2587 1294
2588 3470
2589 1295
2590 3471
2591 1296
2592 3472
2593 1297
2594 3473
2595 1298
2596 3474
2597 1299
2598 3475
2599 1300
2600 3476
2601 1301
2602 3477
2603 1302
2604 3478
2605 1303
2606 3479
2607 1304
2608 3480
2609 1305
2610 3481
2611 1306
2612 3482
2613 1307
2614 3483
2615 1308
2616 3484
2617 1309
2618 3485
2619 1310
2620 3486
2621 1311
2622 3487
2623 1312
2624 3488
2625 1313
2626 3489
2627 1314
2628 3490
2629 1315
2630 3491
2631 1316
2632 3492
2633 1317
2634 3493
2635 1318
2636 3494
2637 1319
2638 3495
2639 1320
2640 3496
2641 1321
2642 3497
2643 1322
2644 3498
2645 1323
2646 3499
2647 1324
2648 3500
2649 1325
2650 3501
2651 1326
2652 3502
2653 1327
2654 3503
2655 1328
2656 3504
2657 1329
2658 3505
2659 1330
2660 3506
2661 1331
2662 3507
2663 1332
2664 3508
2665 1333
2666 3509
2667 1334
2668 3510
2669 1335
2670 3511
2671 1336
2672 3512
2673 1337
2674 3513
2675 1338
2676 3514
2677 1339
2678 3515
2679 1340
2680 3516
2681 1341
2682 3517
2683 1342
2684 3518
2685 1343
2686 3519
2687 1344
2688 3520
2689 1345
2690 3521
2691 1346
2692 3522
2693 1347
2694 3523
2695 1348
2696 3524
2697 1349
2698 3525
2699 1350
2700 3526
2701 1351
2702 3527
2703 1352
2704 3528
2705 1353
2706 3529
2707 1354
2708 3530
2709 1355
2710 3531
2711 1356
2712 3532
2713 1357
2714 3533
2715 1358
2716 3534
2717 1359
2718 3535
2719 1360
2720 3536
2721 1361
2722 3537
2723 1362
2724 3538
2725 1363
2726 3539
2727 1364
2728 3540
2729 1365
2730 3541
2731 1366
2732 3542
2733 1367
2734 3543
2735 1368
2736 3544
2737 1369
2738 3545
2739 1370
2740 3546
2741 1371
2742 3547
2743 1372
2744 3548
2745 1373
2746 3549
2747 1374
2748 3550
2749 1375
2750 3551
2751 1376
2752 3552
2753 1377
2754 3553
2755 1378
2756 3554
2757 1379
2758 3555
2759 1380
2760 3556
2761 1381
2762 3557
2763 1382
2764 3558
2765 1383
2766 3559
2767 1384
2768 3560
2769 1385
2770 3561
2771 1386
2772 3562
2773 1387
2774 3563
2775 1388
2776 3564
2777 1389
2778 3565
2779 1390
2780 3566
2781 1391
2782 3567
2783 1392
2784 3568
2785 1393
2786 3569
2787 1394
2788 3570
2789 1395
2790 3571
2791 1396
2792 3572
2793 1397
2794 3573
2795 1398
2796 3574
2797 1399
2798 3575
2799 1400
2800 3576
2801 1401
2802 3577
2803 1402
2804 3578
2805 1403
2806 3579
2807 1404
2808 3580
2809 1405
2810 3581
2811 1406
2812 3582
2813 1407
2814 3583
2815 1408
2816 3584
2817 1409
2818 3585
2819 1410
2820 3586
2821 1411
2822 3587
2823 1412
2824 3588
2825 1413
2826 3589
2827 1414
2828 3590
2829 1415
2830 3591
2831 1416
2832 3592
2833 1417
2834 3593
2835 1418
2836 3594
2837 1419
2838 3595
2839 1420
2840 3596
2841 1421
2842 3597
2843 1422
2844 3598
2845 1423
2846 3599
2847 1424
2848 3600
2849 1425
2850 3601
2851 1426
2852 3602
2853 1427
2854 3603
2855 1428
2856 3604
2857 1429
2858 3605
2859 1430
2860 3606
2861 1431
2862 3607
2863 1432
2864 3608
2865 1433
2866 3609
2867 1434
2868 3610
2869 1435
2870 3611
2871 1436
2872 3612
2873 1437
2874 3613
2875 1438
2876 3614
2877 1439
2878 3615
2879 1440
2880 3616
2881 1441
2882 3617
2883 1442
2884 3618
2885 1443
2886 3619
2887 1444
2888 3620
2889 1445
2890 3621
2891 1446
2892 3622
2893 1447
2894 3623
2895 1448
2896 3624
2897 1449
2898 3625
2899 1450
2900 3626
2901 1451
2902 3627
2903 1452
2904 3628
2905 1453
2906 3629
2907 1454
2908 3630
2909 1455
2910 3631
2911 1456
2912 3632
2913 1457
2914 3633
2915 1458
2916 3634
2917 1459
2918 3635
2919 1460
2920 3636
2921 1461
2922 3637
2923 1462
2924 3638
2925 1463
2926 3639
2927 1464
2928 3640
2929 1465
2930 3641
2931 1466
2932 3642
2933 1467
2934 3643
2935 1468
2936 3644
2937 1469
2938 3645
2939 1470
2940 3646
2941 1471
2942 3647
2943 1472
2944 3648
2945 1473
2946 3649
2947 1474
2948 3650
2949 1475
2950 3651
2951 1476
2952 3652
2953 1477
2954 3653
2955 1478
2956 3654
2957 1479
2958 3655
2959 1480
2960 3656
2961 1481
2962 3657
2963 1482
2964 3658
2965 1483
2966 3659
2967 1484
2968 3660
2969 1485
2970 3661
2971 1486
2972 3662
2973 1487
2974 3663
2975 1488
2976 3664
2977 1489
2978 3665
2979 1490
2980 3666
2981 1491
2982 3667
2983 1492
2984 3668
2985 1493
2986 3669
2987 1494
2988 3670
2989 1495
2990 3671
2991 1496
2992 3672
2993 1497
2994 3673
2995 1498
2996 3674
2997 1499
2998 3675
2999 1500
3000 3676
3001 1501
3002 3677
3003 1502
3004 3678
3005 1503
3006 3679
3007 1504
3008 3680
3009 1505
3010 3681
3011 1506
3012 3682
3013 1507
3014 3683
3015 1508
3016 3684
3017 1509
3018 3685
3019 1510
3020 3686
3021 1511
3022 3687
3023 1512
3024 3688
3025 1513
3026 3689
3027 1514
3028 3690
3029 1515
3030 3691
3031 1516
3032 3692
3033 1517
3034 3693
3035 1518
3036 3694
3037 1519
3038 3695
3039 1520
3040 3696
3041 1521
3042 3697
3043 1522
3044 3698
3045 1523
3046 3699
3047 1524
3048 3700
3049 1525
3050 3701
3051 1526
3052 3702
3053 1527
3054 3703
3055 1528
3056 3704
3057 1529
3058 3705
3059 1530
3060 3706
3061 1531
3062 3707
3063 1532
3064 3708
3065 1533
3066 3709
3067 1534
3068 3710
3069 1535
3070 3711
3071 1536
3072 3712
3073 1537
3074 3713
3075 1538
3076 3714
3077 1539
3078 3715
3079 1540
3080 3716
3081 1541
3082 3717
3083 1542
3084 3718
3085 1543
3086 3719
3087 1544
3088 3720
3089 1545
3090 3721
3091 1546
3092 3722
3093 1547
3094 3723
3095 1548
3096 3724
3097 1549
3098 3725
3099 1550
3100 3726
3101 1551
3102 3727
3103 1552
3104 3728
3105 1553
3106 3729
3107 1554
3108 3730
3109 1555
3110 3731
3111 1556
3112 3732
3113 1557
3114 3733
3115 1558
3116 3734
3117 1559
3118 3735
3119 1560
3120 3736
3121 1561
3122 3737
3123 1562
3124 3738
3125 1563
3126 3739
3127 1564
3128 3740
3129 1565
3130 3741
3131 1566
3132 3742
3133 1567
3134 3743
3135 1568
3136 3744
3137 1569
3138 3745
3139 1570
3140 3746
3141 1571
3142 3747
3143 1572
3144 3748
3145 1573
3146 3749
3147 1574
3148 3750
3149 1575
3150 3751
3151 1576
3152 3752
3153 1577
3154 3753
3155 1578
3156 3754
3157 1579
3158 3755
3159 1580
3160 3756
3161 1581
3162 3757
3163 1582
3164 3758
3165 1583
3166 3759
3167 1584
3168 3760
3169 1585
3170 3761
3171 1586
3172 3762
3173 1587
3174 3763
3175 1588
3176 3764
3177 1589
3178 3765
3179 1590
3180 3766
3181 1591
3182 3767
3183 1592
3184 3768
3185 1593
3186 3769
3187 1594
3188 3770
3189 1595
3190 3771
3191 1596
3192 3772
3193 1597
3194 3773
3195 1598
3196 3774
3197 1599
3198 3775
3199 1600
3200 3776
3201 1601
3202 3777
3203 1602
3204 3778
3205 1603
3206 3779
3207 1604
3208 3780
3209 1605
3210 3781
3211 1606
3212 3782
3213 1607
3214 3783
3215 1608
3216 3784
3217 1609
3218 3785
3219 1610
3220 3786
3221 1611
3222 3787
3223 1612
3224 3788
3225 1613
3226 3789
3227 1614
3228 3790
3229 1615
3230 3791
3231 1616
3232 3792
3233 1617
3234 3793
3235 1618
3236 3794
3237 1619
3238 3795
3239 1620
3240 3796
3241 1621
3242 3797
3243 1622
3244 3798
3245 1623
3246 3799
3247 1624
3248 3800
3249 1625
3250 3801
3251 1626
3252 3802
3253 1627
3254 3803
3255 1628
3256 3804
3257 1629
3258 3805
3259 1630
3260 3806
3261 1631
3262 3807
3263 1632
3264 3808
3265 1633
3266 3809
3267 1634
3268 3810
3269 1635
3270 3811
3271 1636
3272 3812
3273 1637
3274 3813
3275 1638
3276 3814
3277 1639
3278 3815
3279 1640
3280 3816
3281 1641
3282 3817
3283 1642
3284 3818
3285 1643
3286 3819
3287 1644
3288 3820
3289 1645
3290 3821
3291 1646
3292 3822
3293 1647
3294 3823
3295 1648
3296 3824
3297 1649
3298 3825
3299 1650
3300 3826
3301 1651
3302 3827
3303 1652
3304 3828
3305 1653
3306 3829
3307 1654
3308 3830
3309 1655
3310 3831
3311 1656
3312 3832
3313 1657
3314 3833
3315 1658
3316 3834
3317 1659
3318 3835
3319 1660
3320 3836
3321 1661
3322 3837
3323 1662
3324 3838
3325 1663
3326 3839
3327 1664
3328 3840
3329 1665
3330 3841
3331 1666
3332 3842
3333 1667
3334 3843
3335 1668
3336 3844
3337 1669
3338 3845
3339 1670
3340 3846
3341 1671
3342 3847
3343 1672
3344 3848
3345 1673
3346 3849
3347 1674
3348 3850
3349 1675
3350 3851
3351 1676
3352 3852
3353 1677
3354 3853
3355 1678
3356 3854
3357 1679
3358 3855
3359 1680
3360 3856
3361 1681
3362 3857
3363 1682
3364 3858
3365 1683
3366 3859
3367 1684
3368 3860
3369 1685
3370 3861
3371 1686
3372 3862
3373 1687
3374 3863
3375 1688
3376 3864
3377 1689
3378 3865
3379 1690
3380 3866
3381 1691
3382 3867
3383 1692
3384 3868
3385 1693
3386 3869
3387 1694
3388 3870
3389 1695
3390 3871
3391 1696
3392 3872
3393 1697
3394 3873
3395 1698
3396 3874
3397 1699
3398 3875
3399 1700
3400 3876
3401 1701
3402 3877
3403 1702
3404 3878
3405 1703
3406 3879
3407 1704
3408 3880
3409 1705
3410 3881
3411 1706
3412 3882
3413 1707
3414 3883
3415 1708
3416 3884
3417 1709
3418 3885
3419 1710
3420 3886
3421 1711
3422 3887
3423 1712
3424 3888
3425 1713
3426 3889
3427 1714
3428 3890
3429 1715
3430 3891
3431 1716
3432 3892
3433 1717
3434 3893
3435 1718
3436 3894
3437 1719
3438 3895
3439 1720
3440 3896
3441 1721
3442 3897
3443 1722
3444 3898
3445 1723
3446 3899
3447 1724
3448 3900
3449 1725
3450 3901
3451 1726
3452 3902
3453 1727
3454 3903
3455 1728
3456 3904
3457 1729
3458 3905
3459 1730
3460 3906
3461 1731
3462 3907
3463 1732
3464 3908
3465 1733
3466 3909
3467 1734
3468 3910
3469 1735
3470 3911
3471 1736
3472 3912
3473 1737
3474 3913
3475 1738
3476 3914
3477 1739
3478 3915
3479 1740
3480 3916
3481 1741
3482 3917
3483 1742
3484 3918
3485 1743
3486 3919
3487 1744
3488 3920
3489 1745
3490 3921
3491 1746
3492 3922
3493 1747
3494 3923
3495 1748
3496 3924
3497 1749
3498 3925
3499 1750
3500 3926
3501 1751
3502 3927
3503 1752
3504 3928
3505 1753
3506 3929
3507 1754
3508 3930
3509 1755
3510 3931
3511 1756
3512 3932
3513 1757
3514 3933
3515 1758
3516 3934
3517 1759
3518 3935
3519 1760
3520 3936
3521 1761
3522 3937
3523 1762
3524 3938
3525 1763
3526 3939
3527 1764
3528 3940
3529 1765
3530 3941
3531 1766
3532 3942
3533 1767
3534 3943
3535 1768
3536 3944
3537 1769
3538 3945
3539 1770
3540 3946
3541 1771
3542 3947
3543 1772
3544 3948
3545 1773
3546 3949
3547 1774
3548 3950
3549 1775
3550 3951
3551 1776
3552 3952
3553 1777
3554 3953
3555 1778
3556 3954
3557 1779
3558 3955
3559 1780
3560 3956
3561 1781
3562 3957
3563 1782
3564 3958
3565 1783
3566 3959
3567 1784
3568 3960
3569 1785
3570 3961
3571 1786
3572 3962
3573 1787
3574 3963
3575 1788
3576 3964
3577 1789
3578 3965
3579 1790
3580 3966
3581 1791
3582 3967
3583 1792
3584 3968
3585 1793
3586 3969
3587 1794
3588 3970
3589 1795
3590 3971
3591 1796
3592 3972
3593 1797
3594 3973
3595 1798
3596 3974
3597 1799
3598 3975
3599 1800
3600 3976
3601 1801
3602 3977
3603 1802
3604 3978
3605 1803
3606 3979
3607 1804
3608 3980
3609 1805
3610 3981
3611 1806
3612 3982
3613 1807
3614 3983
3615 1808
3616 3984
3617 1809
3618 3985
3619 1810
3620 3986
3621 1811
3622 3987
3623 1812
3624 3988
3625 1813
3626 3989
3627 1814
3628 3990
3629 1815
3630 3991
3631 1816
3632 3992
3633 1817
3634 3993
3635 1818
3636 3994
3637 1819
3638 3995
3639 1820
3640 3996
3641 1821
3642 3997
3643 1822
3644 3998
3645 1823
3646 3999
3647 1824
3648 4000
3649 1825
3650 4001
3651 1826
3652 4002
3653 1827
3654 4003
3655 1828
3656 4004
3657 1829
3658 4005
3659 1830
3660 4006
3661 1831
3662 4007
3663 1832
3664 4008
3665 1833
3666 4009
3667 1834
3668 4010
3669 1835
3670 4011
3671 1836
3672 4012
3673 1837
3674 4013
3675 1838
3676 4014
3677 1839
3678 4015
3679 1840
3680 4016
3681 1841
3682 4017
3683 1842
3684 4018
3685 1843
3686 4019
3687 1844
3688 4020
3689 1845
3690 4021
3691 1846
3692 4022
3693 1847
3694 4023
3695 1848
3696 4024
3697 1849
3698 4025
3699 1850
3700 4026
3701 1851
3702 4027
3703 1852
3704 4028
3705 1853
3706 4029
3707 1854
3708 4030
3709 1855
3710 4031
3711 1856
3712 4032
3713 1857
3714 4033
3715 1858
3716 4034
3717 1859
3718 4035
3719 1860
3720 4036
3721 1861
3722 4037
3723 1862
3724 4038
3725 1863
3726 4039
3727 1864
3728 4040
3729 1865
3730 4041
3731 1866
3732 4042
3733 1867
3734 4043
3735 1868
3736 4044
3737 1869
3738 4045
3739 1870
3740 4046
3741 1871
3742 4047
3743 1872
3744 4048
3745 1873
3746 4049
3747 1874
3748 4050
3749 1875
3750 4051
3751 1876
3752 4052
3753 1877
3754 4053
3755 1878
3756 4054
3757 1879
3758 4055
3759 1880
3760 4056
3761 1881
3762 4057
3763 1882
3764 4058
3765 1883
3766 4059
3767 1884
3768 4060
3769 1885
3770 4061
3771 1886
3772 4062
3773 1887
3774 4063
3775 1888
3776 4064
3777 1889
3778 4065
3779 1890
3780 4066
3781 1891
3782 4067
3783 1892
3784 4068
3785 1893
3786 4069
3787 1894
3788 4070
3789 1895
3790 4071
3791 1896
3792 4072
3793 1897
3794 4073
3795 1898
3796 4074
3797 1899
3798 4075
3799 1900
3800 4076
3801 1901
3802 4077
3803 1902
3804 4078
3805 1903
3806 4079
3807 1904
3808 4080
3809 1905
3810 4081
3811 1906
3812 4082
3813 1907
3814 4083
3815 1908
3816 4084
3817 1909
3818 4085
3819 1910
3820 4086
3821 1911
3822 4087
3823 1912
3824 4088
3825 1913
3826 4089
3827 1914
3828 4090
3829 1915
3830 4091
3831 1916
3832 4092
3833 1917
3834 4093
3835 1918
3836 4094
3837 1919
3838 4095
3839 1920
3840 4096
3841 1921
3842 4097
3843 1922
3844 4098
3845 1923
3846 4099
3847 1924
3848 4100
3849 1925
3850 4101
3851 1926
3852 4102
3853 1927
3854 4103
3855 1928
3856 4104
3857 1929
3858 4105
3859 1930
3860 4106
3861 1931
3862 4107
3863 1932
3864 4108
3865 1933
3866 4109
3867 1934
3868 4110
3869 1935
3870 4111
3871 1936
3872 4112
3873 1937
3874 4113
3875 1938
3876 4114
3877 1939
3878 4115
3879 1940
3880 4116
3881 1941
3882 4117
3883 1942
3884 4118
3885 1943
3886 4119
3887 1944
3888 4120
3889 1945
3890 4121
3891 1946
3892 4122
3893 1947
3894 4123
3895 1948
3896 4124
3897 1949
3898 4125
3899 1950
3900 4126
3901 1951
3902 4127
3903 1952
3904 4128
3905 1953
3906 4129
3907 1954
3908 4130
3909 1955
3910 4131
3911 1956
3912 4132
3913 1957
3914 4133
3915 1958
3916 4134
3917 1959
3918 4135
3919 1960
3920 4136
3921 1961
3922 4137
3923 1962
3924 4138
3925 1963
3926 4139
3927 1964
3928 4140
3929 1965
3930 4141
3931 1966
3932 4142
3933 1967
3934 4143
3935 1968
3936 4144
3937 1969
3938 4145
3939 1970
3940 4146
3941 1971
3942 4147
3943 1972
3944 4148
3945 1973
3946 4149
3947 1974
3948 4150
3949 1975
3950 4151
3951 1976
3952 4152
3953 1977
3954 4153
3955 1978
3956 4154
3957 1979
3958 4155
3959 1980
3960 4156
3961 1981
3962 4157
3963 1982
3964 4158
3965 1983
3966 4159
3967 1984
3968 4160
3969 1985
3970 4161
3971 1986
3972 4162
3973 1987
3974 4163
3975 1988
3976 4164
3977 1989
3978 4165
3979 1990
3980 4166
3981 1991
3982 4167
3983 1992
3984 4168
3985 1993
3986 4169
3987 1994
3988 4170
3989 1995
3990 4171
3991 1996
3992 4172
3993 1997
3994 4173
3995 1998
3996 4174
3997 1999
3998 4175
3999 2000
4000 4176
4001 2001
4002 4177
4003 2002
4004 4178
4005 2003
4006 4179
4007 2004
4008 4180
4009 2005
4010 4181
4011 2006
4012 4182
4013 2007
4014 4183
4015 2008
4016 4184
4017 2009
4018 4185
4019 2010
4020 4186
4021 2011
4022 4187
4023 2012
4024 4188
4025 2013
4026 4189
4027 2014
4028 4190
4029 2015
4030 4191
4031 2016
4032 4192
4033 2017
4034 4193
4035 2018
4036 4194
4037 2019
4038 4195
4039 2020
4040 4196
4041 2021
4042 4197
4043 2022
4044 4198
4045 2023
4046 4199
4047 2024
4048 4200
4049 2025
4050 4201
4051 2026
4052 4202
4053 2027
4054 4203
4055 2028
4056 4204
4057 2029
4058 4205
4059 2030
4060 4206
4061 2031
4062 4207
4063 2032
4064 4208
4065 2033
4066 4209
4067 2034
4068 4210
4069 2035
4070 4211
4071 2036
4072 4212
4073 2037
4074 4213
4075 2038
4076 4214
4077 2039
4078 4215
4079 2040
4080 4216
4081 2041
4082 4217
4083 2042
4084 4218
4085 2043
4086 4219
4087 2044
4088 4220
4089 2045
4090 4221
4091 2046
4092 4222
4093 2047
4094 4223
4095 2048
4096 4224
4097 2049
4098 4225
4099 2050
4100 4226
4101 2051
4102 4227
4103 2052
4104 4228
4105 2053
4106 4229
4107 2054
4108 4230
4109 2055
4110 4231
4111 2056
4112 4232
4113 2057
4114 4233
4115 2058
4116 4234
4117 2059
4118 4235
4119 2060
4120 4236
4121 2061
4122 4237
4123 2062
4124 4238
4125 2063
4126 4239
4127 2064
4128 4240
4129 2065
4130 4241
4131 2066
4132 4242
4133 2067
4134 4243
4135 2068
4136 4244
4137 2069
4138 4245
4139 2070
4140 4246
4141 2071
4142 4247
4143 2072
4144 4248
4145 2073
4146 4249
4147 2074
4148 4250
4149 2075
4150 4251
4151 2076
4152 4252
4153 2077
4154 4253
4155 2078
4156 4254
4157 2079
4158 4255
4159 2080
4160 4256
4161 2081
4162 4257
4163 2082
4164 4258
4165 2083
4166 4259
4167 2084
4168 4260
4169 2085
4170 4261
4171 2086
4172 4262
4173 2087
4174 4263
4175 2088
4176 4264
4177 2089
4178 4265
4179 2090
4180 4266
4181 2091
4182 4267
4183 2092
4184 4268
4185 2093
4186 4269
4187 2094
4188 4270
4189 2095
4190 4271
4191 2096
4192 4272
4193 2097
4194 4273
4195 2098
4196 4274
4197 2099
4198 4275
4199 2100
4200 4276
4201 2101
4202 4277
4203 2102
4204 4278
4205 2103
4206 4279
4207 2104
4208 4280
4209 2105
4210 4281
4211 2106
4212 4282
4213 2107
4214 4283
4215 2108
4216 4284
4217 2109
4218 4285
4219 2110
4220 4286
4221 2111
4222 4287
4223 2112
4224 4288
4225 2113
4226 4289
4227 2114
4228 4290
4229 2115
4230 4291
4231 2116
4232 4292
4233 2117
4234 4293
4235 2118
4236 4294
4237 2119
4238 4295
4239 2120
4240 4296
4241 2121
4242 4297
4243 2122
4244 4298
4245 2123
4246 4299
4247 2124
4248 4300
4249 2125
4250 4301
4251 2126
4252 4302
4253 2127
4254 4303
4255 2128
4256 4304
4257 2129
4258 4305
4259 2130
4260 4306
4261 2131
4262 4307
4263 2132
4264 4308
4265 2133
4266 4309
4267 2134
4268 4310
4269 2135
4270 4311
4271 2136
4272 4312
4273 2137
4274 4313
4275 2138
4276 4314
4277 2139
4278 4315
4279 2140
4280 4316
4281 2141
4282 4317
4283 2142
4284 4318
4285 2143
4286 4319
4287 2144
4288 4320
4289 2145
4290 4321
4291 2146
4292 4322
4293 2147
4294 4323
4295 2148
4296 4324
4297 2149
4298 4325
4299 2150
4300 4326
4301 2151
4302 4327
4303 2152
4304 4328
4305 2153
4306 4329
4307 2154
4308 4330
4309 2155
4310 4331
4311 2156
4312 4332
4313 2157
4314 4333
4315 2158
4316 4334
4317 2159
4318 4335
4319 2160
4320 4336
4321 2161
4322 4337
4323 2162
4324 4338
4325 2163
4326 4339
4327 2164
4328 4340
4329 2165
4330 4341
4331 2166
4332 4342
4333 2167
4334 4343
4335 2168
4336 4344
4337 2169
4338 4345
4339 2170
4340 4346
4341 2171
4342 4347
4343 2172
4344 4348
4345 2173
4346 4349
4347 2174
4348 4350
4349 2175
4350 4351
4351 2176
