%%MatrixMarket matrix coordinate pattern general
% Label: (1)
4351 4351 4351
1 2176
2 1
3 2177
4 2
5 2178
6 3
7 2179
8 4
9 2180
10 5
11 2181
12 6
13 2182
14 7
15 2183
16 8
17 2184
18 9
19 2185
20 10
21 2186
22 11
23 2187
24 12
25 2188
26 13
27 2189
28 14
29 2190
30 15
31 2191
32 16
33 2192
34 17
35 2193
36 18
37 2194
38 19
39 2195
40 20
41 2196
42 21
43 2197
44 22
45 2198
46 23
47 2199
48 24
49 2200
50 25
51 2201
52 26
53 2202
54 27
55 2203
56 28
57 2204
58 29
59 2205
60 30
61 2206
62 31
63 2207
64 32
65 2208
66 33
67 2209
68 34
69 2210
70 35
71 2211
72 36
73 2212
74 37
75 2213
76 38
77 2214
78 39
79 2215
80 40
81 2216
82 41
83 2217
84 42
85 2218
86 43
87 2219
88 44
89 2220
90 45
91 2221
92 46
93 2222
94 47
95 2223
96 48
97 2224
98 49
99 2225
100 50
101 2226
102 51
103 2227
104 52
105 2228
106 53
107 2229
108 54
109 2230
110 55
111 2231
112 56
113 2232
114 57
115 2233
116 58
117 2234
118 59
119 2235
120 60
121 2236
122 61
123 2237
124 62
125 2238
126 63
127 2239
128 64
129 2240
130 65
131 2241
132 66
133 2242
134 67
135 2243
136 68
137 2244
138 69
139 2245
140 70
141 2246
142 71
143 2247
144 72
145 2248
146 73
147 2249
148 74
149 2250
150 75
151 2251
152 76
153 2252
154 77
155 2253
156 78
157 2254
158 79
159 2255
160 80
161 2256
162 81
163 2257
164 82
165 2258
166 83
167 2259
168 84
169 2260
170 85
171 2261
172 86
173 2262
174 87
175 2263
176 88
177 2264
178 89
179 2265
180 90
181 2266
182 91
183 2267
184 92
185 2268
186 93
187 2269
188 94
189 2270
190 95
191 2271
192 96
193 2272
194 97
195 2273
196 98
197 2274
198 99
199 2275
200 100
201 2276
202 101
203 2277
204 102
205 2278
206 103
207 2279
208 104
209 2280
210 105
211 2281
212 106
213 2282
214 107
215 2283
216 108
217 2284
218 109
219 2285
220 110
221 2286
222 111
223 2287
224 112
225 2288
226 113
227 2289
228 114
229 2290
230 115
231 2291
232 116
233 2292
234 117
235 2293
236 118
237 2294
238 119
239 2295
240 120
241 2296
242 121
243 2297
244 122
245 2298
246 123
247 2299
248 124
249 2300
250 125
251 2301
252 126
253 2302
254 127
255 2303
256 128
257 2304
258 129
259 2305
260 130
261 2306
262 131
263 2307
264 132
265 2308
266 133
267 2309
268 134
269 2310
270 135
271 2311
272 136
273 2312
274 137
275 2313
276 138
277 2314
278 139
279 2315
280 140
281 2316
282 141
283 2317
284 142
285 2318
286 143
287 2319
288 144
289 2320
290 145
291 2321
292 146
293 2322
294 147
295 2323
296 148
297 2324
298 149
299 2325
300 150
301 2326
302 151
303 2327
304 152
305 2328
306 153
307 2329
308 154
309 2330
310 155
311 2331
312 156
313 2332
314 157
315 2333
316 158
317 2334
318 159
319 2335
320 160
321 2336
322 161
323 2337
324 162
325 2338
326 163
327 2339
328 164
329 2340
330 165
331 2341
332 166
333 2342
334 167
335 2343
336 168
337 2344
338 169
339 2345
340 170
341 2346
342 171
343 2347
344 172
345 2348
346 173
347 2349
348 174
349 2350
350 175
351 2351
352 176
353 2352
354 177
355 2353
356 178
357 2354
358 179
359 2355
360 180
361 2356
362 181
363 2357
364 182
365 2358
366 183
367 2359
368 184
369 2360
370 185
371 2361
372 186
373 2362
374 187
375 2363
376 188
377 2364
378 189
379 2365
380 190
381 2366
382 191
383 2367
384 192
385 2368
386 193
387 2369
388 194
389 2370
390 195
391 2371
392 196
393 2372
394 197
395 2373
396 198
397 2374
398 199
399 2375
400 200
401 2376
402 201
403 2377
404 202
405 2378
406 203
407 2379
408 204
409 2380
410 205
411 2381
412 206
413 2382
414 207
415 2383
416 208
417 2384
418 209
419 2385
420 210
421 2386
422 211
423 2387
424 212
425 2388
426 213
427 2389
428 214
429 2390
430 215
431 2391
432 216
433 2392
434 217
435 2393
436 218
437 2394
438 219
439 2395
440 220
441 2396
442 221
443 2397
444 222
445 2398
446 223
447 2399
448 224
449 2400
450 225
451 2401
452 226
453 2402
454 227
455 2403
456 228
457 2404
458 229
459 2405
460 230
461 2406
462 231
463 2407
464 232
465 2408
466 233
467 2409
468 234
469 2410
470 235
471 2411
472 236
473 2412
474 237
475 2413
476 238
477 2414
478 239
479 2415
480 240
481 2416
482 241
483 2417
484 242
485 2418
486 243
487 2419
488 244
489 2420
490 245
491 2421
492 246
493 2422
494 247
495 2423
496 248
497 2424
498 249
499 2425
500 250
501 2426
502 251
503 2427
504 252
505 2428
506 253
507 2429
508 254
509 2430
510 255
511 2431
512 256
513 2432
514 257
515 2433
516 258
517 2434
518 259
519 2435
520 260
521 2436
522 261
523 2437
524 262
525 2438
526 263
527 2439
528 264
529 2440
530 265
531 2441
532 266
533 2442
534 267
535 2443
536 268
537 2444
538 269
539 2445
540 270
541 2446
542 271
543 2447
544 272
545 2448
546 273
547 2449
548 274
549 2450
550 275
551 2451
552 276
553 2452
554 277
555 2453
556 278
557 2454
558 279
559 2455
560 280
561 2456
562 281
563 2457
564 282
565 2458
566 283
567 2459
568 284
569 2460
570 285
571 2461
572 286
573 2462
574 287
575 2463
576 288
577 2464
578 289
579 2465
580 290
581 2466
582 291
583 2467
584 292
585 2468
586 293
587 2469
588 294
589 2470
590 295
591 2471
592 296
593 2472
594 297
595 2473
596 298
597 2474
598 299
599 2475
600 300
601 2476
602 301
603 2477
604 302
605 2478
606 303
607 2479
608 304
609 2480
610 305
611 2481
612 306
613 2482
614 307
615 2483
616 308
617 2484
618 309
619 2485
620 310
621 2486
622 311
623 2487
624 312
625 2488
626 313
627 2489
628 314
629 2490
630 315
631 2491
632 316
633 2492
634 317
635 2493
636 318
637 2494
638 319
639 2495
640 320
641 2496
642 321
643 2497
644 322
645 2498
646 323
647 2499
648 324
649 2500
650 325
651 2501
652 326
653 2502
654 327
655 2503
656 328
657 2504
658 329
659 2505
660 330
661 2506
662 331
663 2507
664 332
665 2508
666 333
667 2509
668 334
669 2510
670 335
671 2511
672 336
673 2512
674 337
675 2513
676 338
677 2514
678 339
679 2515
680 340
681 2516
682 341
683 2517
684 342
685 2518
686 343
687 2519
688 344
689 2520
690 345
691 2521
692 346
693 2522
694 347
695 2523
696 348
697 2524
698 349
699 2525
700 350
701 2526
702 351
703 2527
704 352
705 2528
706 353
707 2529
708 354
709 2530
710 355
711 2531
712 356
713 2532
714 357
715 2533
716 358
717 2534
718 359
719 2535
720 360
721 2536
722 361
723 2537
724 362
725 2538
726 363
727 2539
728 364
729 2540
730 365
731 2541
732 366
733 2542
734 367
735 2543
736 368
737 2544
738 369
739 2545
740 370
741 2546
742 371
743 2547
744 372
745 2548
746 373
747 2549
748 374
749 2550
750 375
751 2551
752 376
753 2552
754 377
755 2553
756 378
757 2554
758 379
759 2555
760 380
761 2556
762 381
763 2557
764 382
765 2558
766 383
767 2559
768 384
769 2560
770 385
771 2561
772 386
773 2562
774 387
775 2563
776 388
777 2564
778 389
779 2565
780 390
781 2566
782 391
783 2567
784 392
785 2568
786 393
787 2569
788 394
789 2570
790 395
791 2571
792 396
793 2572
794 397
795 2573
796 398
797 2574
798 399
799 2575
800 400
801 2576
802 401
803 2577
804 402
805 2578
806 403
807 2579
808 404
809 2580
810 405
811 2581
812 406
813 2582
814 407
815 2583
816 408
817 2584
818 409
819 2585
820 410
821 2586
822 411
823 2587
824 412
825 2588
826 413
827 2589
828 414
829 2590
830 415
831 2591
832 416
833 2592
834 417
835 2593
836 418
837 2594
838 419
839 2595
840 420
841 2596
842 421
843 2597
844 422
845 2598
846 423
847 2599
848 424
849 2600
850 425
851 2601
852 426
853 2602
854 427
855 2603
856 428
857 2604
858 429
859 2605
860 430
861 2606
862 431
863 2607
864 432
865 2608
866 433
867 2609
868 434
869 2610
870 435
871 2611
872 436
873 2612
874 437
875 2613
876 438
877 2614
878 439
879 2615
880 440
881 2616
882 441
883 2617
884 442
885 2618
886 443
887 2619
888 444
889 2620
890 445
891 2621
892 446
893 2622
894 447
895 2623
896 448
897 2624
898 449
899 2625
900 450
901 2626
902 451
903 2627
904 452
905 2628
906 453
907 2629
908 454
909 2630
910 455
911 2631
912 456
913 2632
914 457
915 2633
916 458
917 2634
918 459
919 2635
920 460
921 2636
922 461
923 2637
924 462
925 2638
926 463
927 2639
928 464
929 2640
930 465
931 2641
932 466
933 2642
934 467
935 2643
936 468
937 2644
938 469
939 2645
940 470
941 2646
942 471
943 2647
944 472
945 2648
946 473
947 2649
948 474
949 2650
950 475
951 2651
952 476
953 2652
954 477
955 2653
956 478
957 2654
958 479
959 2655
960 480
961 2656
962 481
963 2657
964 482
965 2658
966 483
967 2659
968 484
969 2660
970 485
971 2661
972 486
973 2662
974 487
975 2663
976 488
977 2664
978 489
979 2665
980 490
981 2666
982 491
983 2667
984 492
985 2668
986 493
987 2669
988 494
989 2670
990 495
991 2671
992 496
993 2672
994 497
995 2673
996 498
997 2674
998 499
999 2675
1000 500
1001 2676
1002 501
1003 2677
1004 502
1005 2678
1006 503
1007 2679
1008 504
1009 2680
1010 505
1011 2681
1012 506
1013 2682
1014 507
1015 2683
1016 508
1017 2684
1018 509
1019 2685
1020 510
1021 2686
1022 511
1023 2687
1024 512
1025 2688
1026 513
1027 2689
1028 514
1029 2690
1030 515
1031 2691
1032 516
1033 2692
1034 517
1035 2693
1036 518
1037 2694
1038 519
1039 2695
1040 520
1041 2696
1042 521
1043 2697
1044 522
1045 2698
1046 523
1047 2699
1048 524
1049 2700
1050 525
1051 2701
1052 526
1053 2702
1054 527
1055 2703
1056 528
1057 2704
1058 529
1059 2705
1060 530
1061 2706
1062 531
1063 2707
1064 532
1065 2708
1066 533
1067 2709
1068 534
1069 2710
1070 535
1071 2711
1072 536
1073 2712
1074 537
1075 2713
1076 538
1077 2714
1078 539
1079 2715
1080 540
1081 2716
1082 541
1083 2717
1084 542
1085 2718
1086 543
1087 2719
1088 544
1089 2720
1090 545
1091 2721
1092 546
1093 2722
1094 547
1095 2723
1096 548
1097 2724
1098 549
1099 2725
1100 550
1101 2726
1102 551
1103 2727
1104 552
1105 2728
1106 553
1107 2729
1108 554
1109 2730
1110 555
1111 2731
1112 556
1113 2732
1114 557
1115 2733
1116 558
1117 2734
1118 559
1119 2735
1120 560
1121 2736
1122 561
1123 2737
1124 562
1125 2738
1126 563
1127 2739
1128 564
1129 2740
1130 565
1131 2741
1132 566
1133 2742
1134 567
1135 2743
1136 568
1137 2744
1138 569
1139 2745
1140 570
1141 2746
1142 571
1143 2747
1144 572
1145 2748
1146 573
1147 2749
1148 574
1149 2750
1150 575
1151 2751
1152 576
1153 2752
1154 577
1155 2753
1156 578
1157 2754
1158 579
1159 2755
1160 580
1161 2756
1162 581
1163 2757
1164 582
1165 2758
1166 583
1167 2759
1168 584
1169 2760
1170 585
1171 2761
1172 586
1173 2762
1174 587
1175 2763
1176 588
1177 2764
1178 589
1179 2765
1180 590
1181 2766
1182 591
1183 2767
1184 592
1185 2768
1186 593
1187 2769
1188 594
1189 2770
1190 595
1191 2771
1192 596
1193 2772
1194 597
1195 2773
1196 598
1197 2774
1198 599
1199 2775
1200 600
1201 2776
1202 601
1203 2777
1204 602
1205 2778
1206 603
1207 2779
1208 604
1209 2780
1210 605
1211 2781
1212 606
1213 2782
1214 607
1215 2783
1216 608
1217 2784
1218 609
1219 2785
1220 610
1221 2786
1222 611
1223 2787
1224 612
1225 2788
1226 613
1227 2789
1228 614
1229 2790
1230 615
1231 2791
1232 616
1233 2792
1234 617
1235 2793
1236 618
1237 2794
1238 619
1239 2795
1240 620
1241 2796
1242 621
1243 2797
1244 622
1245 2798
1246 623
1247 2799
1248 624
1249 2800
1250 625
1251 2801
1252 626
1253 2802
1254 627
1255 2803
1256 628
1257 2804
1258 629
1259 2805
1260 630
1261 2806
1262 631
1263 2807
1264 632
1265 2808
1266 633
1267 2809
1268 634
1269 2810
1270 635
1271 2811
1272 636
1273 2812
1274 637
1275 2813
1276 638
1277 2814
1278 639
1279 2815
1280 640
1281 2816
1282 641
1283 2817
1284 642
1285 2818
1286 643
1287 2819
1288 644
1289 2820
1290 645
1291 2821
1292 646
1293 2822
1294 647
1295 2823
1296 648
1297 2824
1298 649
1299 2825
1300 650
1301 2826
1302 651
1303 2827
1304 652
1305 2828
1306 653
1307 2829
1308 654
1309 2830
1310 655
1311 2831
1312 656
1313 2832
1314 657
1315 2833
1316 658
1317 2834
1318 659
1319 2835
1320 660
1321 2836
1322 661
1323 2837
1324 662
1325 2838
1326 663
1327 2839
1328 664
1329 2840
1330 665
1331 2841
1332 666
1333 2842
1334 667
1335 2843
1336 668
1337 2844
1338 669
1339 2845
1340 670
1341 2846
1342 671
1343 2847
1344 672
1345 2848
1346 673
1347 2849
1348 674
1349 2850
1350 675
1351 2851
1352 676
1353 2852
1354 677
1355 2853
1356 678
1357 2854
1358 679
1359 2855
1360 680
1361 2856
1362 681
1363 2857
1364 682
1365 2858
1366 683
1367 2859
1368 684
1369 2860
1370 685
1371 2861
1372 686
1373 2862
1374 687
1375 2863
1376 688
1377 2864
1378 689
1379 2865
1380 690
1381 2866
1382 691
1383 2867
1384 692
1385 2868
1386 693
1387 2869
1388 694
1389 2870
1390 695
1391 2871
1392 696
1393 2872
1394 697
1395 2873
1396 698
1397 2874
1398 699
1399 2875
1400 700
1401 2876
1402 701
1403 2877
1404 702
1405 2878
1406 703
1407 2879
1408 704
1409 2880
1410 705
1411 2881
1412 706
1413 2882
1414 707
1415 2883
1416 708
1417 2884
1418 709
1419 2885
1420 710
1421 2886
1422 711
1423 2887
1424 712
1425 2888
1426 713
1427 2889
1428 714
1429 2890
1430 715
1431 2891
1432 716
1433 2892
1434 717
1435 2893
1436 718
1437 2894
1438 719
1439 2895
1440 720
1441 2896
1442 721
1443 2897
1444 722
1445 2898
1446 723
1447 2899
1448 724
1449 2900
1450 725
1451 2901
1452 726
1453 2902
1454 727
1455 2903
1456 728
1457 2904
1458 729
1459 2905
1460 730
1461 2906
1462 731
1463 2907
1464 732
1465 2908
1466 733
1467 2909
1468 734
1469 2910
1470 735
1471 2911
1472 736
1473 2912
1474 737
1475 2913
1476 738
1477 2914
1478 739
1479 2915
1480 740
1481 2916
1482 741
1483 2917
1484 742
1485 2918
1486 743
1487 2919
1488 744
1489 2920
1490 745
1491 2921
1492 746
1493 2922
1494 747
1495 2923
1496 748
1497 2924
1498 749
1499 2925
1500 750
1501 2926
1502 751
1503 2927
1504 752
1505 2928
1506 753
1507 2929
1508 754
1509 2930
1510 755
1511 2931
1512 756
1513 2932
1514 757
1515 2933
1516 758
1517 2934
1518 759
1519 2935
1520 760
1521 2936
1522 761
1523 2937
1524 762
1525 2938
1526 763
1527 2939
1528 764
1529 2940
1530 765
1531 2941
1532 766
1533 2942
1534 767
1535 2943
1536 768
1537 2944
1538 769
1539 2945
1540 770
1541 2946
1542 771
1543 2947
1544 772
1545 2948
1546 773
1547 2949
1548 774
1549 2950
1550 775
1551 2951
1552 776
1553 2952
1554 777
1555 2953
1556 778
1557 2954
1558 779
1559 2955
1560 780
1561 2956
1562 781
1563 2957
1564 782
1565 2958
1566 783
1567 2959
1568 784
1569 2960
1570 785
1571 2961
1572 786
1573 2962
1574 787
1575 2963
1576 788
1577 2964
1578 789
1579 2965
1580 790
1581 2966
1582 791
1583 2967
1584 792
1585 2968
1586 793
1587 2969
1588 794
1589 2970
1590 795
1591 2971
1592 796
1593 2972
1594 797
1595 2973
1596 798
1597 2974
1598 799
1599 2975
1600 800
1601 2976
1602 801
1603 2977
1604 802
1605 2978
1606 803
1607 2979
1608 804
1609 2980
1610 805
1611 2981
1612 806
1613 2982
1614 807
1615 2983
1616 808
1617 2984
1618 809
1619 2985
1620 810
1621 2986
1622 811
1623 2987
1624 812
1625 2988
1626 813
1627 2989
1628 814
1629 2990
1630 815
1631 2991
1632 816
1633 2992
1634 817
1635 2993
1636 818
1637 2994
1638 819
1639 2995
1640 820
1641 2996
1642 821
1643 2997
1644 822
1645 2998
1646 823
1647 2999
1648 824
1649 3000
1650 825
1651 3001
1652 826
1653 3002
1654 827
1655 3003
1656 828
1657 3004
1658 829
1659 3005
1660 830
1661 3006
1662 831
1663 3007
1664 832
1665 3008
1666 833
1667 3009
1668 834
1669 3010
1670 835
1671 3011
1672 836
1673 3012
1674 837
1675 3013
1676 838
1677 3014
1678 839
1679 3015
1680 840
1681 3016
1682 841
1683 3017
1684 842
1685 3018
1686 843
1687 3019
1688 844
1689 3020
1690 845
1691 3021
1692 846
1693 3022
1694 847
1695 3023
1696 848
1697 3024
1698 849
1699 3025
1700 850
1701 3026
1702 851
1703 3027
1704 852
1705 3028
1706 853
1707 3029
1708 854
1709 3030
1710 855
1711 3031
1712 856
1713 3032
1714 857
1715 3033
1716 858
1717 3034
1718 859
1719 3035
1720 860
1721 3036
1722 861
1723 3037
1724 862
1725 3038
1726 863
1727 3039
1728 864
1729 3040
1730 865
1731 3041
1732 866
1733 3042
1734 867
1735 3043
1736 868
1737 3044
1738 869
1739 3045
1740 870
1741 3046
1742 871
1743 3047
1744 872
1745 3048
1746 873
1747 3049
1748 874
1749 3050
1750 875
1751 3051
1752 876
1753 3052
1754 877
1755 3053
1756 878
1757 3054
1758 879
1759 3055
1760 880
1761 3056
1762 881
1763 3057
1764 882
1765 3058
1766 883
1767 3059
1768 884
1769 3060
1770 885
1771 3061
1772 886
1773 3062
1774 887
1775 3063
1776 888
1777 3064
1778 889
1779 3065
1780 890
1781 3066
1782 891
1783 3067
1784 892
1785 3068
1786 893
1787 3069
1788 894
1789 3070
1790 895
1791 3071
1792 896
1793 3072
1794 897
1795 3073
1796 898
1797 3074
1798 899
1799 3075
1800 900
1801 3076
1802 901
1803 3077
1804 902
1805 3078
1806 903
1807 3079
1808 904
1809 3080
1810 905
1811 3081
1812 906
1813 3082
1814 907
1815 3083
1816 908
1817 3084
1818 909
1819 3085
1820 910
1821 3086
1822 911
1823 3087
1824 912
1825 3088
1826 913
1827 3089
1828 914
1829 3090
1830 915
1831 3091
1832 916
1833 3092
1834 917
1835 3093
1836 918
1837 3094
1838 919
1839 3095
1840 920
1841 3096
1842 921
1843 3097
1844 922
1845 3098
1846 923
1847 3099
1848 924
1849 3100
1850 925
1851 3101
1852 926
1853 3102
1854 927
1855 3103
1856 928
1857 3104
1858 929
1859 3105
1860 930
1861 3106
1862 931
1863 3107
1864 932
1865 3108
1866 933
1867 3109
1868 934
1869 3110
1870 935
1871 3111
1872 936
1873 3112
1874 937
1875 3113
1876 938
1877 3114
1878 939
1879 3115
1880 940
1881 3116
1882 941
1883 3117
1884 942
1885 3118
1886 943
1887 3119
1888 944
1889 3120
1890 945
1891 3121
1892 946
1893 3122
1894 947
1895 3123
1896 948
1897 3124
1898 949
1899 3125
1900 950
1901 3126
1902 951
1903 3127
1904 952
1905 3128
1906 953
1907 3129
1908 954
1909 3130
1910 955
1911 3131
1912 956
1913 3132
1914 957
1915 3133
1916 958
1917 3134
1918 959
1919 3135
1920 960
1921 3136
1922 961
1923 3137
1924 962
1925 3138
1926 963
1927 3139
1928 964
1929 3140
1930 965
1931 3141
1932 966
1933 3142
1934 967
1935 3143
1936 968
1937 3144
1938 969
1939 3145
1940 970
1941 3146
1942 971
1943 3147
1944 972
1945 3148
1946 973
1947 3149
1948 974
1949 3150
1950 975
1951 3151
1952 976
1953 3152
1954 977
1955 3153
1956 978
1957 3154
1958 979
1959 3155
1960 980
1961 3156
1962 981
1963 3157
1964 982
1965 3158
1966 983
1967 3159
1968 984
1969 3160
1970 985
1971 3161
1972 986
1973 3162
1974 987
1975 3163
1976 988
1977 3164
1978 989
1979 3165
1980 990
1981 3166
1982 991
1983 3167
1984 992
1985 3168
1986 993
1987 3169
1988 994
1989 3170
1990 995
1991 3171
1992 996
1993 3172
1994 997
1995 3173
1996 998
1997 3174
1998 999
1999 3175
2000 1000
2001 3176
2002 1001
2003 3177
2004 1002
2005 3178
2006 1003
2007 3179
2008 1004
2009 3180
2010 1005
2011 3181
2012 1006
2013 3182
2014 1007
2015 3183
2016 1008
2017 3184
2018 1009
2019 3185
2020 1010
2021 3186
2022 1011
2023 3187
2024 1012
2025 3188
2026 1013
2027 3189
2028 1014
2029 3190
2030 1015
2031 3191
2032 1016
2033 3192
2034 1017
2035 3193
2036 1018
2037 3194
2038 1019
2039 3195
2040 1020
2041 3196
2042 1021
2043 3197
2044 1022
2045 3198
2046 1023
2047 3199
2048 1024
2049 3200
2050 1025
2051 3201
2052 1026
2053 3202
2054 1027
2055 3203
2056 1028
2057 3204
2058 1029
2059 3205
2060 1030
2061 3206
2062 1031
2063 3207
2064 1032
2065 3208
2066 1033
2067 3209
2068 1034
2069 3210
2070 1035
2071 3211
2072 1036
2073 3212
2074 1037
2075 3213
2076 1038
2077 3214
2078 1039
2079 3215
2080 1040
2081 3216
2082 1041
2083 3217
2084 1042
2085 3218
2086 1043
2087 3219
2088 1044
2089 3220
2090 1045
2091 3221
2092 1046
2093 3222
2094 1047
2095 3223
2096 1048
2097 3224
2098 1049
2099 3225
2100 1050
2101 3226
2102 1051
2103 3227
2104 1052
2105 3228
2106 1053
2107 3229
2108 1054
2109 3230
2110 1055
2111 3231
2112 1056
2113 3232
2114 1057
2115 3233
2116 1058
2117 3234
2118 1059
2119 3235
2120 1060
2121 3236
2122 1061
2123 3237
2124 1062
2125 3238
2126 1063
2127 3239
2128 1064
2129 3240
2130 1065
2131 3241
2132 1066
2133 3242
2134 1067
2135 3243
2136 1068
2137 3244
2138 1069
2139 3245
2140 1070
2141 3246
2142 1071
2143 3247
2144 1072
2145 3248
2146 1073
2147 3249
2148 1074
2149 3250
2150 1075
2151 3251
2152 1076
2153 3252
2154 1077
2155 3253
2156 1078
2157 3254
2158 1079
2159 3255
2160 1080
2161 3256
2162 1081
2163 3257
2164 1082
2165 3258
2166 1083
2167 3259
2168 1084
2169 3260
2170 1085
2171 3261
2172 1086
2173 3262
2174 1087
2175 3263
2176 1088
2177 3264
2178 1089
2179 3265
2180 1090
2181 3266
2182 1091
2183 3267
2184 1092
2185 3268
2186 1093
2187 3269
2188 1094
2189 3270
2190 1095
2191 3271
2192 1096
2193 3272
2194 1097
2195 3273
2196 1098
2197 3274
2198 1099
2199 3275
2200 1100
2201 3276
2202 1101
2203 3277
2204 1102
2205 3278
2206 1103
2207 3279
2208 1104
2209 3280
2210 1105
2211 3281
2212 1106
2213 3282
2214 1107
2215 3283
2216 1108
2217 3284
2218 1109
2219 3285
2220 1110
2221 3286
2222 1111
2223 3287
2224 1112
2225 3288
2226 1113
2227 3289
2228 1114
2229 3290
2230 1115
2231 3291
2232 1116
2233 3292
2234 1117
2235 3293
2236 1118
2237 3294
2238 1119
2239 3295
2240 1120
2241 3296
2242 1121
2243 3297
2244 1122
2245 3298
2246 1123
2247 3299
2248 1124
2249 3300
2250 1125
2251 3301
2252 1126
2253 3302
2254 1127
2255 3303
2256 1128
2257 3304
2258 1129
2259 3305
2260 1130
2261 3306
2262 1131
2263 3307
2264 1132
2265 3308
2266 1133
2267 3309
2268 1134
2269 3310
2270 1135
2271 3311
2272 1136
2273 3312
2274 1137
2275 3313
2276 1138
2277 3314
2278 1139
2279 3315
2280 1140
2281 3316
2282 1141
2283 3317
2284 1142
2285 3318
2286 1143
2287 3319
2288 1144
2289 3320
2290 1145
2291 3321
2292 1146
2293 3322
2294 1147
2295 3323
2296 1148
2297 3324
2298 1149
2299 3325
2300 1150
2301 3326
2302 1151
2303 3327
2304 1152
2305 3328
2306 1153
2307 3329
2308 1154
2309 3330
2310 1155
2311 3331
2312 1156
2313 3332
2314 1157
2315 3333
2316 1158
2317 3334
2318 1159
2319 3335
2320 1160
2321 3336
2322 1161
2323 3337
2324 1162
2325 3338
2326 1163
2327 3339
2328 1164
2329 3340
2330 1165
2331 3341
2332 1166
2333 3342
2334 1167
2335 3343
2336 1168
2337 3344
2338 1169
2339 3345
2340 1170
2341 3346
2342 1171
2343 3347
2344 1172
2345 3348
2346 1173
2347 3349
2348 1174
2349 3350
2350 1175
2351 3351
2352 1176
2353 3352
2354 1177
2355 3353
2356 1178
2357 3354
2358 1179
2359 3355
2360 1180
2361 3356
2362 1181
2363 3357
2364 1182
2365 3358
2366 1183
2367 3359
2368 1184
2369 3360
2370 1185
2371 3361
2372 1186
2373 3362
2374 1187
2375 3363
2376 1188
2377 3364
2378 1189
2379 3365
2380 1190
2381 3366
2382 1191
2383 3367
2384 1192
2385 3368
2386 1193
2387 3369
2388 1194
2389 3370
2390 1195
2391 3371
2392 1196
2393 3372
2394 1197
2395 3373
2396 1198
2397 3374
2398 1199
2399 3375
2400 1200
2401 3376
2402 1201
2403 3377
2404 1202
2405 3378
2406 1203
2407 3379
2408 1204
2409 3380
2410 1205
2411 3381
2412 1206
2413 3382
2414 1207
2415 3383
2416 1208
2417 3384
2418 1209
2419 3385
2420 1210
2421 3386
2422 1211
2423 3387
2424 1212
2425 3388
2426 1213
2427 3389
2428 1214
2429 3390
2430 1215
2431 3391
2432 1216
2433 3392
2434 1217
2435 3393
2436 1218
2437 3394
2438 1219
2439 3395
2440 1220
2441 3396
2442 1221
2443 3397
2444 1222
2445 3398
2446 1223
2447 3399
2448 1224
2449 3400
2450 1225
2451 3401
2452 1226
2453 3402
2454 1227
2455 3403
2456 1228
2457 3404
2458 1229
2459 3405
2460 1230
2461 3406
2462 1231
2463 3407
2464 1232
2465 3408
2466 1233
2467 3409
2468 1234
2469 3410
2470 1235
2471 3411
2472 1236
2473 3412
2474 1237
2475 3413
2476 1238
2477 3414
2478 1239
2479 3415
2480 1240
2481 3416
2482 1241
2483 3417
2484 1242
2485 3418
2486 1243
2487 3419
2488 1244
2489 3420
2490 1245
2491 3421
2492 1246
2493 3422
2494 1247
2495 3423
2496 1248
2497 3424
2498 1249
2499 3425
2500 1250
2501 3426
2502 1251
2503 3427
2504 1252
2505 3428
2506 1253
2507 3429
2508 1254
2509 3430
2510 1255
2511 3431
2512 1256
2513 3432
2514 1257
2515 3433
2516 1258
2517 3434
2518 1259
2519 3435
2520 1260
2521 3436
2522 1261
2523 3437
2524 1262
2525 3438
2526 1263
2527 3439
2528 1264
2529 3440
2530 1265
2531 3441
2532 1266
2533 3442
2534 1267
2535 3443
2536 1268
2537 3444
2538 1269
2539 3445
2540 1270
2541 3446
2542 1271
2543 3447
2544 1272
2545 3448
2546 1273
2547 3449
2548 1274
2549 3450
2550 1275
2551 3451
2552 1276
2553 3452
2554 1277
2555 3453
2556 1278
2557 3454
2558 1279
2559 3455
2560 1280
2561 3456
2562 1281
2563 3457
2564 1282
2565 3458
2566 1283
2567 3459
2568 1284
2569 3460
2570 1285
2571 3461
2572 1286
2573 3462
2574 1287
2575 3463
2576 1288
2577 3464
2578 1289
2579 3465
2580 1290
2581 3466
2582 1291
2583 3467
2584 1292
2585 3468
2586 1293
2587 3469
2588 1294
2589 3470
2590 1295
2591 3471
2592 1296
2593 3472
2594 1297
2595 3473
2596 1298
2597 3474
2598 1299
2599 3475
2600 1300
2601 3476
2602 1301
2603 3477
2604 1302
2605 3478
2606 1303
2607 3479
2608 1304
2609 3480
2610 1305
2611 3481
2612 1306
2613 3482
2614 1307
2615 3483
2616 1308
2617 3484
2618 1309
2619 3485
2620 1310
2621 3486
2622 1311
2623 3487
2624 1312
2625 3488
2626 1313
2627 3489
2628 1314
2629 3490
2630 1315
2631 3491
2632 1316
2633 3492
2634 1317
2635 3493
2636 1318
2637 3494
2638 1319
2639 3495
2640 1320
2641 3496
2642 1321
2643 3497
2644 1322
2645 3498
2646 1323
2647 3499
2648 1324
2649 3500
2650 1325
2651 3501
2652 1326
2653 3502
2654 1327
2655 3503
2656 1328
2657 3504
2658 1329
2659 3505
2660 1330
2661 3506
2662 1331
2663 3507
2664 1332
2665 3508
2666 1333
2667 3509
2668 1334
2669 3510
2670 1335
2671 3511
2672 1336
2673 3512
2674 1337
2675 3513
2676 1338
2677 3514
2678 1339
2679 3515
2680 1340
2681 3516
2682 1341
2683 3517
2684 1342
2685 3518
2686 1343
2687 3519
2688 1344
2689 3520
2690 1345
2691 3521
2692 1346
2693 3522
2694 1347
2695 3523
2696 1348
2697 3524
2698 1349
2699 3525
2700 1350
2701 3526
2702 1351
2703 3527
2704 1352
2705 3528
2706 1353
2707 3529
2708 1354
2709 3530
2710 1355
2711 3531
2712 1356
2713 3532
2714 1357
2715 3533
2716 1358
2717 3534
2718 1359
2719 3535
2720 1360
2721 3536
2722 1361
2723 3537
2724 1362
2725 3538
2726 1363
2727 3539
2728 1364
2729 3540
2730 1365
2731 3541
2732 1366
2733 3542
2734 1367
2735 3543
2736 1368
2737 3544
2738 1369
2739 3545
2740 1370
2741 3546
2742 1371
2743 3547
2744 1372
2745 3548
2746 1373
2747 3549
2748 1374
2749 3550
2750 1375
2751 3551
2752 1376
2753 3552
2754 1377
2755 3553
2756 1378
2757 3554
2758 1379
2759 3555
2760 1380
2761 3556
2762 1381
2763 3557
2764 1382
2765 3558
2766 1383
2767 3559
2768 1384
2769 3560
2770 1385
2771 3561
2772 1386
2773 3562
2774 1387
2775 3563
2776 1388
2777 3564
2778 1389
2779 3565
2780 1390
2781 3566
2782 1391
2783 3567
2784 1392
2785 3568
2786 1393
2787 3569
2788 1394
2789 3570
2790 1395
2791 3571
2792 1396
2793 3572
2794 1397
2795 3573
2796 1398
2797 3574
2798 1399
2799 3575
2800 1400
2801 3576
2802 1401
2803 3577
2804 1402
2805 3578
2806 1403
2807 3579
2808 1404
2809 3580
2810 1405
2811 3581
2812 1406
2813 3582
2814 1407
2815 3583
2816 1408
2817 3584
2818 1409
2819 3585
2820 1410
2821 3586
2822 1411
2823 3587
2824 1412
2825 3588
2826 1413
2827 3589
2828 1414
2829 3590
2830 1415
2831 3591
2832 1416
2833 3592
2834 1417
2835 3593
2836 1418
2837 3594
2838 1419
2839 3595
2840 1420
2841 3596
2842 1421
2843 3597
2844 1422
2845 3598
2846 1423
2847 3599
2848 1424
2849 3600
2850 1425
2851 3601
2852 1426
2853 3602
2854 1427
2855 3603
2856 1428
2857 3604
2858 1429
2859 3605
2860 1430
2861 3606
2862 1431
2863 3607
2864 1432
2865 3608
2866 1433
2867 3609
2868 1434
2869 3610
2870 1435
2871 3611
2872 1436
2873 3612
2874 1437
2875 3613
2876 1438
2877 3614
2878 1439
2879 3615
2880 1440
2881 3616
2882 1441
2883 3617
2884 1442
2885 3618
2886 1443
2887 3619
2888 1444
2889 3620
2890 1445
2891 3621
2892 1446
2893 3622
2894 1447
2895 3623
2896 1448
2897 3624
2898 1449
2899 3625
2900 1450
2901 3626
2902 1451
2903 3627
2904 1452
2905 3628
2906 1453
2907 3629
2908 1454
2909 3630
2910 1455
2911 3631
2912 1456
2913 3632
2914 1457
2915 3633
2916 1458
2917 3634
2918 1459
2919 3635
2920 1460
2921 3636
2922 1461
2923 3637
2924 1462
2925 3638
2926 1463
2927 3639
2928 1464
2929 3640
2930 1465
2931 3641
2932 1466
2933 3642
2934 1467
2935 3643
2936 1468
2937 3644
2938 1469
2939 3645
2940 1470
2941 3646
2942 1471
2943 3647
2944 1472
2945 3648
2946 1473
2947 3649
2948 1474
2949 3650
2950 1475
2951 3651
2952 1476
2953 3652
2954 1477
2955 3653
2956 1478
2957 3654
2958 1479
2959 3655
2960 1480
2961 3656
2962 1481
2963 3657
2964 1482
2965 3658
2966 1483
2967 3659
2968 1484
2969 3660
2970 1485
2971 3661
2972 1486
2973 3662
2974 1487
2975 3663
2976 1488
2977 3664
2978 1489
2979 3665
2980 1490
2981 3666
2982 1491
2983 3667
2984 1492
2985 3668
2986 1493
2987 3669
2988 1494
2989 3670
2990 1495
2991 3671
2992 1496
2993 3672
2994 1497
2995 3673
2996 1498
2997 3674
2998 1499
2999 3675
3000 1500
3001 3676
3002 1501
3003 3677
3004 1502
3005 3678
3006 1503
3007 3679
3008 1504
3009 3680
3010 1505
3011 3681
3012 1506
3013 3682
3014 1507
3015 3683
3016 1508
3017 3684
3018 1509
3019 3685
3020 1510
3021 3686
3022 1511
3023 3687
3024 1512
3025 3688
3026 1513
3027 3689
3028 1514
3029 3690
3030 1515
3031 3691
3032 1516
3033 3692
3034 1517
3035 3693
3036 1518
3037 3694
3038 1519
3039 3695
3040 1520
3041 3696
3042 1521
3043 3697
3044 1522
3045 3698
3046 1523
3047 3699
3048 1524
3049 3700
3050 1525
3051 3701
3052 1526
3053 3702
3054 1527
3055 3703
3056 1528
3057 3704
3058 1529
3059 3705
3060 1530
3061 3706
3062 1531
3063 3707
3064 1532
3065 3708
3066 1533
3067 3709
3068 1534
3069 3710
3070 1535
3071 3711
3072 1536
3073 3712
3074 1537
3075 3713
3076 1538
3077 3714
3078 1539
3079 3715
3080 1540
3081 3716
3082 1541
3083 3717
3084 1542
3085 3718
3086 1543
3087 3719
3088 1544
3089 3720
3090 1545
3091 3721
3092 1546
3093 3722
3094 1547
3095 3723
3096 1548
3097 3724
3098 1549
3099 3725
3100 1550
3101 3726
3102 1551
3103 3727
3104 1552
3105 3728
3106 1553
3107 3729
3108 1554
3109 3730
3110 1555
3111 3731
3112 1556
3113 3732
3114 1557
3115 3733
3116 1558
3117 3734
3118 1559
3119 3735
3120 1560
3121 3736
3122 1561
3123 3737
3124 1562
3125 3738
3126 1563
3127 3739
3128 1564
3129 3740
3130 1565
3131 3741
3132 1566
3133 3742
3134 1567
3135 3743
3136 1568
3137 3744
3138 1569
3139 3745
3140 1570
3141 3746
3142 1571
3143 3747
3144 1572
3145 3748
3146 1573
3147 3749
3148 1574
3149 3750
3150 1575
3151 3751
3152 1576
3153 3752
3154 1577
3155 3753
3156 1578
3157 3754
3158 1579
3159 3755
3160 1580
3161 3756
3162 1581
3163 3757
3164 1582
3165 3758
3166 1583
3167 3759
3168 1584
3169 3760
3170 1585
3171 3761
3172 1586
3173 3762
3174 1587
3175 3763
3176 1588
3177 3764
3178 1589
3179 3765
3180 1590
3181 3766
3182 1591
3183 3767
3184 1592
3185 3768
3186 1593
3187 3769
3188 1594
3189 3770
3190 1595
3191 3771
3192 1596
3193 3772
3194 1597
3195 3773
3196 1598
3197 3774
3198 1599
3199 3775
3200 1600
3201 3776
3202 1601
3203 3777
3204 1602
3205 3778
3206 1603
3207 3779
3208 1604
3209 3780
3210 1605
3211 3781
3212 1606
3213 3782
3214 1607
3215 3783
3216 1608
3217 3784
3218 1609
3219 3785
3220 1610
3221 3786
3222 1611
3223 3787
3224 1612
3225 3788
3226 1613
3227 3789
3228 1614
3229 3790
3230 1615
3231 3791
3232 1616
3233 3792
3234 1617
3235 3793
3236 1618
3237 3794
3238 1619
3239 3795
3240 1620
3241 3796
3242 1621
3243 3797
3244 1622
3245 3798
3246 1623
3247 3799
3248 1624
3249 3800
3250 1625
3251 3801
3252 1626
3253 3802
3254 1627
3255 3803
3256 1628
3257 3804
3258 1629
3259 3805
3260 1630
3261 3806
3262 1631
3263 3807
3264 1632
3265 3808
3266 1633
3267 3809
3268 1634
3269 3810
3270 1635
3271 3811
3272 1636
3273 3812
3274 1637
3275 3813
3276 1638
3277 3814
3278 1639
3279 3815
3280 1640
3281 3816
3282 1641
3283 3817
3284 1642
3285 3818
3286 1643
3287 3819
3288 1644
3289 3820
3290 1645
3291 3821
3292 1646
3293 3822
3294 1647
3295 3823
3296 1648
3297 3824
3298 1649
3299 3825
3300 1650
3301 3826
3302 1651
3303 3827
3304 1652
3305 3828
3306 1653
3307 3829
3308 1654
3309 3830
3310 1655
3311 3831
3312 1656
3313 3832
3314 1657
3315 3833
3316 1658
3317 3834
3318 1659
3319 3835
3320 1660
3321 3836
3322 1661
3323 3837
3324 1662
3325 3838
3326 1663
3327 3839
3328 1664
3329 3840
3330 1665
3331 3841
3332 1666
3333 3842
3334 1667
3335 3843
3336 1668
3337 3844
3338 1669
3339 3845
3340 1670
3341 3846
3342 1671
3343 3847
3344 1672
3345 3848
3346 1673
3347 3849
3348 1674
3349 3850
3350 1675
3351 3851
3352 1676
3353 3852
3354 1677
3355 3853
3356 1678
3357 3854
3358 1679
3359 3855
3360 1680
3361 3856
3362 1681
3363 3857
3364 1682
3365 3858
3366 1683
3367 3859
3368 1684
3369 3860
3370 1685
3371 3861
3372 1686
3373 3862
3374 1687
3375 3863
3376 1688
3377 3864
3378 1689
3379 3865
3380 1690
3381 3866
3382 1691
3383 3867
3384 1692
3385 3868
3386 1693
3387 3869
3388 1694
3389 3870
3390 1695
3391 3871
3392 1696
3393 3872
3394 1697
3395 3873
3396 1698
3397 3874
3398 1699
3399 3875
3400 1700
3401 3876
3402 1701
3403 3877
3404 1702
3405 3878
3406 1703
3407 3879
3408 1704
3409 3880
3410 1705
3411 3881
3412 1706
3413 3882
3414 1707
3415 3883
3416 1708
3417 3884
3418 1709
3419 3885
3420 1710
3421 3886
3422 1711
3423 3887
3424 1712
3425 3888
3426 1713
3427 3889
3428 1714
3429 3890
3430 1715
3431 3891
3432 1716
3433 3892
3434 1717
3435 3893
3436 1718
3437 3894
3438 1719
3439 3895
3440 1720
3441 3896
3442 1721
3443 3897
3444 1722
3445 3898
3446 1723
3447 3899
3448 1724
3449 3900
3450 1725
3451 3901
3452 1726
3453 3902
3454 1727
3455 3903
3456 1728
3457 3904
3458 1729
3459 3905
3460 1730
3461 3906
3462 1731
3463 3907
3464 1732
3465 3908
3466 1733
3467 3909
3468 1734
3469 3910
3470 1735
3471 3911
3472 1736
3473 3912
3474 1737
3475 3913
3476 1738
3477 3914
3478 1739
3479 3915
3480 1740
3481 3916
3482 1741
3483 3917
3484 1742
3485 3918
3486 1743
3487 3919
3488 1744
3489 3920
3490 1745
3491 3921
3492 1746
3493 3922
3494 1747
3495 3923
3496 1748
3497 3924
3498 1749
3499 3925
3500 1750
3501 3926
3502 1751
3503 3927
3504 1752
3505 3928
3506 1753
3507 3929
3508 1754
3509 3930
3510 1755
3511 3931
3512 1756
3513 3932
3514 1757
3515 3933
3516 1758
3517 3934
3518 1759
3519 3935
3520 1760
3521 3936
3522 1761
3523 3937
3524 1762
3525 3938
3526 1763
3527 3939
3528 1764
3529 3940
3530 1765
3531 3941
3532 1766
3533 3942
3534 1767
3535 3943
3536 1768
3537 3944
3538 1769
3539 3945
3540 1770
3541 3946
3542 1771
3543 3947
3544 1772
3545 3948
3546 1773
3547 3949
3548 1774
3549 3950
3550 1775
3551 3951
3552 1776
3553 3952
3554 1777
3555 3953
3556 1778
3557 3954
3558 1779
3559 3955
3560 1780
3561 3956
3562 1781
3563 3957
3564 1782
3565 3958
3566 1783
3567 3959
3568 1784
3569 3960
3570 1785
3571 3961
3572 1786
3573 3962
3574 1787
3575 3963
3576 1788
3577 3964
3578 1789
3579 3965
3580 1790
3581 3966
3582 1791
3583 3967
3584 1792
3585 3968
3586 1793
3587 3969
3588 1794
3589 3970
3590 1795
3591 3971
3592 1796
3593 3972
3594 1797
3595 3973
3596 1798
3597 3974
3598 1799
3599 3975
3600 1800
3601 3976
3602 1801
3603 3977
3604 1802
3605 3978
3606 1803
3607 3979
3608 1804
3609 3980
3610 1805
3611 3981
3612 1806
3613 3982
3614 1807
3615 3983
3616 1808
3617 3984
3618 1809
3619 3985
3620 1810
3621 3986
3622 1811
3623 3987
3624 1812
3625 3988
3626 1813
3627 3989
3628 1814
3629 3990
3630 1815
3631 3991
3632 1816
3633 3992
3634 1817
3635 3993
3636 1818
3637 3994
3638 1819
3639 3995
3640 1820
3641 3996
3642 1821
3643 3997
3644 1822
3645 3998
3646 1823
3647 3999
3648 1824
3649 4000
3650 1825
3651 4001
3652 1826
3653 4002
3654 1827
3655 4003
3656 1828
3657 4004
3658 1829
3659 4005
3660 1830
3661 4006
3662 1831
3663 4007
3664 1832
3665 4008
3666 1833
3667 4009
3668 1834
3669 4010
3670 1835
3671 4011
3672 1836
3673 4012
3674 1837
3675 4013
3676 1838
3677 4014
3678 1839
3679 4015
3680 1840
3681 4016
3682 1841
3683 4017
3684 1842
3685 4018
3686 1843
3687 4019
3688 1844
3689 4020
3690 1845
3691 4021
3692 1846
3693 4022
3694 1847
3695 4023
3696 1848
3697 4024
3698 1849
3699 4025
3700 1850
3701 4026
3702 1851
3703 4027
3704 1852
3705 4028
3706 1853
3707 4029
3708 1854
3709 4030
3710 1855
3711 4031
3712 1856
3713 4032
3714 1857
3715 4033
3716 1858
3717 4034
3718 1859
3719 4035
3720 1860
3721 4036
3722 1861
3723 4037
3724 1862
3725 4038
3726 1863
3727 4039
3728 1864
3729 4040
3730 1865
3731 4041
3732 1866
3733 4042
3734 1867
3735 4043
3736 1868
3737 4044
3738 1869
3739 4045
3740 1870
3741 4046
3742 1871
3743 4047
3744 1872
3745 4048
3746 1873
3747 4049
3748 1874
3749 4050
3750 1875
3751 4051
3752 1876
3753 4052
3754 1877
3755 4053
3756 1878
3757 4054
3758 1879
3759 4055
3760 1880
3761 4056
3762 1881
3763 4057
3764 1882
3765 4058
3766 1883
3767 4059
3768 1884
3769 4060
3770 1885
3771 4061
3772 1886
3773 4062
3774 1887
3775 4063
3776 1888
3777 4064
3778 1889
3779 4065
3780 1890
3781 4066
3782 1891
3783 4067
3784 1892
3785 4068
3786 1893
3787 4069
3788 1894
3789 4070
3790 1895
3791 4071
3792 1896
3793 4072
3794 1897
3795 4073
3796 1898
3797 4074
3798 1899
3799 4075
3800 1900
3801 4076
3802 1901
3803 4077
3804 1902
3805 4078
3806 1903
3807 4079
3808 1904
3809 4080
3810 1905
3811 4081
3812 1906
3813 4082
3814 1907
3815 4083
3816 1908
3817 4084
3818 1909
3819 4085
3820 1910
3821 4086
3822 1911
3823 4087
3824 1912
3825 4088
3826 1913
3827 4089
3828 1914
3829 4090
3830 1915
3831 4091
3832 1916
3833 4092
3834 1917
3835 4093
3836 1918
3837 4094
3838 1919
3839 4095
3840 1920
3841 4096
3842 1921
3843 4097
3844 1922
3845 4098
3846 1923
3847 4099
3848 1924
3849 4100
3850 1925
3851 4101
3852 1926
3853 4102
3854 1927
3855 4103
3856 1928
3857 4104
3858 1929
3859 4105
3860 1930
3861 4106
3862 1931
3863 4107
3864 1932
3865 4108
3866 1933
3867 4109
3868 1934
3869 4110
3870 1935
3871 4111
3872 1936
3873 4112
3874 1937
3875 4113
3876 1938
3877 4114
3878 1939
3879 4115
3880 1940
3881 4116
3882 1941
3883 4117
3884 1942
3885 4118
3886 1943
3887 4119
3888 1944
3889 4120
3890 1945
3891 4121
3892 1946
3893 4122
3894 1947
3895 4123
3896 1948
3897 4124
3898 1949
3899 4125
3900 1950
3901 4126
3902 1951
3903 4127
3904 1952
3905 4128
3906 1953
3907 4129
3908 1954
3909 4130
3910 1955
3911 4131
3912 1956
3913 4132
3914 1957
3915 4133
3916 1958
3917 4134
3918 1959
3919 4135
3920 1960
3921 4136
3922 1961
3923 4137
3924 1962
3925 4138
3926 1963
3927 4139
3928 1964
3929 4140
3930 1965
3931 4141
3932 1966
3933 4142
3934 1967
3935 4143
3936 1968
3937 4144
3938 1969
3939 4145
3940 1970
3941 4146
3942 1971
3943 4147
3944 1972
3945 4148
3946 1973
3947 4149
3948 1974
3949 4150
3950 1975
3951 4151
3952 1976
3953 4152
3954 1977
3955 4153
3956 1978
3957 4154
3958 1979
3959 4155
3960 1980
3961 4156
3962 1981
3963 4157
3964 1982
3965 4158
3966 1983
3967 4159
3968 1984
3969 4160
3970 1985
3971 4161
3972 1986
3973 4162
3974 1987
3975 4163
3976 1988
3977 4164
3978 1989
3979 4165
3980 1990
3981 4166
3982 1991
3983 4167
3984 1992
3985 4168
3986 1993
3987 4169
3988 1994
3989 4170
3990 1995
3991 4171
3992 1996
3993 4172
3994 1997
3995 4173
3996 1998
3997 4174
3998 1999
3999 4175
4000 2000
4001 4176
4002 2001
4003 4177
4004 2002
4005 4178
4006 2003
4007 4179
4008 2004
4009 4180
4010 2005
4011 4181
4012 2006
4013 4182
4014 2007
4015 4183
4016 2008
4017 4184
4018 2009
4019 4185
4020 2010
4021 4186
4022 2011
4023 4187
4024 2012
4025 4188
4026 2013
4027 4189
4028 2014
4029 4190
4030 2015
4031 4191
4032 2016
4033 4192
4034 2017
4035 4193
4036 2018
4037 4194
4038 2019
4039 4195
4040 2020
4041 4196
4042 2021
4043 4197
4044 2022
4045 4198
4046 2023
4047 4199
4048 2024
4049 4200
4050 2025
4051 4201
4052 2026
4053 4202
4054 2027
4055 4203
4056 2028
4057 4204
4058 2029
4059 4205
4060 2030
4061 4206
4062 2031
4063 4207
4064 2032
4065 4208
4066 2033
4067 4209
4068 2034
4069 4210
4070 2035
4071 4211
4072 2036
4073 4212
4074 2037
4075 4213
4076 2038
4077 4214
4078 2039
4079 4215
4080 2040
4081 4216
4082 2041
4083 4217
4084 2042
4085 4218
4086 2043
4087 4219
4088 2044
4089 4220
4090 2045
4091 4221
4092 2046
4093 4222
4094 2047
4095 4223
4096 2048
4097 4224
4098 2049
4099 4225
4100 2050
4101 4226
4102 2051
4103 4227
4104 2052
4105 4228
4106 2053
4107 4229
4108 2054
4109 4230
4110 2055
4111 4231
4112 2056
4113 4232
4114 2057
4115 4233
4116 2058
4117 4234
4118 2059
4119 4235
4120 2060
4121 4236
4122 2061
4123 4237
4124 2062
4125 4238
4126 2063
4127 4239
4128 2064
4129 4240
4130 2065
4131 4241
4132 2066
4133 4242
4134 2067
4135 4243
4136 2068
4137 4244
4138 2069
4139 4245
4140 2070
4141 4246
4142 2071
4143 4247
4144 2072
4145 4248
4146 2073
4147 4249
4148 2074
4149 4250
4150 2075
4151 4251
4152 2076
4153 4252
4154 2077
4155 4253
4156 2078
4157 4254
4158 2079
4159 4255
4160 2080
4161 4256
4162 2081
4163 4257
4164 2082
4165 4258
4166 2083
4167 4259
4168 2084
4169 4260
4170 2085
4171 4261
4172 2086
4173 4262
4174 2087
4175 4263
4176 2088
4177 4264
4178 2089
4179 4265
4180 2090
4181 4266
4182 2091
4183 4267
4184 2092
4185 4268
4186 2093
4187 4269
4188 2094
4189 4270
4190 2095
4191 4271
4192 2096
4193 4272
4194 2097
4195 4273
4196 2098
4197 4274
4198 2099
4199 4275
4200 2100
4201 4276
4202 2101
4203 4277
4204 2102
4205 4278
4206 2103
4207 4279
4208 2104
4209 4280
4210 2105
4211 4281
4212 2106
4213 4282
4214 2107
4215 4283
4216 2108
4217 4284
4218 2109
4219 4285
4220 2110
4221 4286
4222 2111
4223 4287
4224 2112
4225 4288
4226 2113
4227 4289
4228 2114
4229 4290
4230 2115
4231 4291
4232 2116
4233 4292
4234 2117
4235 4293
4236 2118
4237 4294
4238 2119
4239 4295
4240 2120
4241 4296
4242 2121
4243 4297
4244 2122
4245 4298
4246 2123
4247 4299
4248 2124
4249 4300
4250 2125
4251 4301
4252 2126
4253 4302
4254 2127
4255 4303
4256 2128
4257 4304
4258 2129
4259 4305
4260 2130
4261 4306
4262 2131
4263 4307
4264 2132
4265 4308
4266 2133
4267 4309
4268 2134
4269 4310
4270 2135
4271 4311
4272 2136
4273 4312
4274 2137
4275 4313
4276 2138
4277 4314
4278 2139
4279 4315
4280 2140
4281 4316
4282 2141
4283 4317
4284 2142
4285 4318
4286 2143
4287 4319
4288 2144
4289 4320
4290 2145
4291 4321
4292 2146
4293 4322
4294 2147
4295 4323
4296 2148
4297 4324
4298 2149
4299 4325
4300 2150
4301 4326
4302 2151
4303 4327
4304 2152
4305 4328
4306 2153
4307 4329
4308 2154
4309 4330
4310 2155
4311 4331
4312 2156
4313 4332
4314 2157
4315 4333
4316 2158
4317 4334
4318 2159
4319 4335
4320 2160
4321 4336
4322 2161
4323 4337
4324 2162
4325 4338
4326 2163
4327 4339
4328 2164
4329 4340
4330 2165
4331 4341
4332 2166
4333 4342
4334 2167
4335 4343
4336 2168
4337 4344
4338 2169
4339 4345
4340 2170
4341 4346
4342 2171
4343 4347
4344 2172
4345 4348
4346 2173
4347 4349
4348 2174
4349 4350
4350 2175
4351 4351
