%%MatrixMarket matrix coordinate pattern general
% Label: (0)
135 135 135
1 1
2 69
3 2
4 70
5 3
6 71
7 4
8 72
9 5
10 73
11 6
12 74
13 7
14 75
15 8
16 76
17 9
18 77
19 10
20 78
21 11
22 79
23 12
24 80
25 13
26 81
27 14
28 82
29 15
30 83
31 16
32 84
33 17
34 85
35 18
36 86
37 19
38 87
39 20
40 88
41 21
42 89
43 22
44 90
45 23
46 91
47 24
48 92
49 25
50 93
51 26
52 94
53 27
54 95
55 28
56 96
57 29
58 97
59 30
60 98
61 31
62 99
63 32
64 100
65 33
66 101
67 34
68 102
69 35
70 103
71 36
72 104
73 37
74 105
75 38
76 106
77 39
78 107
79 40
80 108
81 41
82 109
83 42
84 110
85 43
86 111
87 44
88 112
89 45
90 113
91 46
92 114
93 47
94 115
95 48
96 116
97 49
98 117
99 50
100 118
101 51
102 119
103 52
104 120
105 53
106 121
107 54
108 122
109 55
110 123
111 56
112 124
113 57
114 125
115 58
116 126
117 59
118 127
119 60
120 128
121 61
122 129
123 62
124 130
125 63
126 131
127 64
128 132
129 65
130 133
131 66
132 134
133 67
134 135
135 68
