%%MatrixMarket matrix coordinate pattern general
% Label: (1)
135 135 135
1 68
2 1
3 69
4 2
5 70
6 3
7 71
8 4
9 72
10 5
11 73
12 6
13 74
14 7
15 75
16 8
17 76
18 9
19 77
20 10
21 78
22 11
23 79
24 12
25 80
26 13
27 81
28 14
29 82
30 15
31 83
32 16
33 84
34 17
35 85
36 18
37 86
38 19
39 87
40 20
41 88
42 21
43 89
44 22
45 90
46 23
47 91
48 24
49 92
50 25
51 93
52 26
53 94
54 27
55 95
56 28
57 96
58 29
59 97
60 30
61 98
62 31
63 99
64 32
65 100
66 33
67 101
68 34
69 102
70 35
71 103
72 36
73 104
74 37
75 105
76 38
77 106
78 39
79 107
80 40
81 108
82 41
83 109
84 42
85 110
86 43
87 111
88 44
89 112
90 45
91 113
92 46
93 114
94 47
95 115
96 48
97 116
98 49
99 117
100 50
101 118
102 51
103 119
104 52
105 120
106 53
107 121
108 54
109 122
110 55
111 123
112 56
113 124
114 57
115 125
116 58
117 126
118 59
119 127
120 60
121 128
122 61
123 129
124 62
125 130
126 63
127 131
128 64
129 132
130 65
131 133
132 66
133 134
134 67
135 135
