%%MatrixMarket matrix coordinate pattern general
% Label: (0)
505 505 505
1 1
2 254
3 2
4 255
5 3
6 256
7 4
8 257
9 5
10 258
11 6
12 259
13 7
14 260
15 8
16 261
17 9
18 262
19 10
20 263
21 11
22 264
23 12
24 265
25 13
26 266
27 14
28 267
29 15
30 268
31 16
32 269
33 17
34 270
35 18
36 271
37 19
38 272
39 20
40 273
41 21
42 274
43 22
44 275
45 23
46 276
47 24
48 277
49 25
50 278
51 26
52 279
53 27
54 280
55 28
56 281
57 29
58 282
59 30
60 283
61 31
62 284
63 32
64 285
65 33
66 286
67 34
68 287
69 35
70 288
71 36
72 289
73 37
74 290
75 38
76 291
77 39
78 292
79 40
80 293
81 41
82 294
83 42
84 295
85 43
86 296
87 44
88 297
89 45
90 298
91 46
92 299
93 47
94 300
95 48
96 301
97 49
98 302
99 50
100 303
101 51
102 304
103 52
104 305
105 53
106 306
107 54
108 307
109 55
110 308
111 56
112 309
113 57
114 310
115 58
116 311
117 59
118 312
119 60
120 313
121 61
122 314
123 62
124 315
125 63
126 316
127 64
128 317
129 65
130 318
131 66
132 319
133 67
134 320
135 68
136 321
137 69
138 322
139 70
140 323
141 71
142 324
143 72
144 325
145 73
146 326
147 74
148 327
149 75
150 328
151 76
152 329
153 77
154 330
155 78
156 331
157 79
158 332
159 80
160 333
161 81
162 334
163 82
164 335
165 83
166 336
167 84
168 337
169 85
170 338
171 86
172 339
173 87
174 340
175 88
176 341
177 89
178 342
179 90
180 343
181 91
182 344
183 92
184 345
185 93
186 346
187 94
188 347
189 95
190 348
191 96
192 349
193 97
194 350
195 98
196 351
197 99
198 352
199 100
200 353
201 101
202 354
203 102
204 355
205 103
206 356
207 104
208 357
209 105
210 358
211 106
212 359
213 107
214 360
215 108
216 361
217 109
218 362
219 110
220 363
221 111
222 364
223 112
224 365
225 113
226 366
227 114
228 367
229 115
230 368
231 116
232 369
233 117
234 370
235 118
236 371
237 119
238 372
239 120
240 373
241 121
242 374
243 122
244 375
245 123
246 376
247 124
248 377
249 125
250 378
251 126
252 379
253 127
254 380
255 128
256 381
257 129
258 382
259 130
260 383
261 131
262 384
263 132
264 385
265 133
266 386
267 134
268 387
269 135
270 388
271 136
272 389
273 137
274 390
275 138
276 391
277 139
278 392
279 140
280 393
281 141
282 394
283 142
284 395
285 143
286 396
287 144
288 397
289 145
290 398
291 146
292 399
293 147
294 400
295 148
296 401
297 149
298 402
299 150
300 403
301 151
302 404
303 152
304 405
305 153
306 406
307 154
308 407
309 155
310 408
311 156
312 409
313 157
314 410
315 158
316 411
317 159
318 412
319 160
320 413
321 161
322 414
323 162
324 415
325 163
326 416
327 164
328 417
329 165
330 418
331 166
332 419
333 167
334 420
335 168
336 421
337 169
338 422
339 170
340 423
341 171
342 424
343 172
344 425
345 173
346 426
347 174
348 427
349 175
350 428
351 176
352 429
353 177
354 430
355 178
356 431
357 179
358 432
359 180
360 433
361 181
362 434
363 182
364 435
365 183
366 436
367 184
368 437
369 185
370 438
371 186
372 439
373 187
374 440
375 188
376 441
377 189
378 442
379 190
380 443
381 191
382 444
383 192
384 445
385 193
386 446
387 194
388 447
389 195
390 448
391 196
392 449
393 197
394 450
395 198
396 451
397 199
398 452
399 200
400 453
401 201
402 454
403 202
404 455
405 203
406 456
407 204
408 457
409 205
410 458
411 206
412 459
413 207
414 460
415 208
416 461
417 209
418 462
419 210
420 463
421 211
422 464
423 212
424 465
425 213
426 466
427 214
428 467
429 215
430 468
431 216
432 469
433 217
434 470
435 218
436 471
437 219
438 472
439 220
440 473
441 221
442 474
443 222
444 475
445 223
446 476
447 224
448 477
449 225
450 478
451 226
452 479
453 227
454 480
455 228
456 481
457 229
458 482
459 230
460 483
461 231
462 484
463 232
464 485
465 233
466 486
467 234
468 487
469 235
470 488
471 236
472 489
473 237
474 490
475 238
476 491
477 239
478 492
479 240
480 493
481 241
482 494
483 242
484 495
485 243
486 496
487 244
488 497
489 245
490 498
491 246
492 499
493 247
494 500
495 248
496 501
497 249
498 502
499 250
500 503
501 251
502 504
503 252
504 505
505 253
