%%MatrixMarket matrix coordinate pattern general
% Label: (1)
505 505 505
1 253
2 1
3 254
4 2
5 255
6 3
7 256
8 4
9 257
10 5
11 258
12 6
13 259
14 7
15 260
16 8
17 261
18 9
19 262
20 10
21 263
22 11
23 264
24 12
25 265
26 13
27 266
28 14
29 267
30 15
31 268
32 16
33 269
34 17
35 270
36 18
37 271
38 19
39 272
40 20
41 273
42 21
43 274
44 22
45 275
46 23
47 276
48 24
49 277
50 25
51 278
52 26
53 279
54 27
55 280
56 28
57 281
58 29
59 282
60 30
61 283
62 31
63 284
64 32
65 285
66 33
67 286
68 34
69 287
70 35
71 288
72 36
73 289
74 37
75 290
76 38
77 291
78 39
79 292
80 40
81 293
82 41
83 294
84 42
85 295
86 43
87 296
88 44
89 297
90 45
91 298
92 46
93 299
94 47
95 300
96 48
97 301
98 49
99 302
100 50
101 303
102 51
103 304
104 52
105 305
106 53
107 306
108 54
109 307
110 55
111 308
112 56
113 309
114 57
115 310
116 58
117 311
118 59
119 312
120 60
121 313
122 61
123 314
124 62
125 315
126 63
127 316
128 64
129 317
130 65
131 318
132 66
133 319
134 67
135 320
136 68
137 321
138 69
139 322
140 70
141 323
142 71
143 324
144 72
145 325
146 73
147 326
148 74
149 327
150 75
151 328
152 76
153 329
154 77
155 330
156 78
157 331
158 79
159 332
160 80
161 333
162 81
163 334
164 82
165 335
166 83
167 336
168 84
169 337
170 85
171 338
172 86
173 339
174 87
175 340
176 88
177 341
178 89
179 342
180 90
181 343
182 91
183 344
184 92
185 345
186 93
187 346
188 94
189 347
190 95
191 348
192 96
193 349
194 97
195 350
196 98
197 351
198 99
199 352
200 100
201 353
202 101
203 354
204 102
205 355
206 103
207 356
208 104
209 357
210 105
211 358
212 106
213 359
214 107
215 360
216 108
217 361
218 109
219 362
220 110
221 363
222 111
223 364
224 112
225 365
226 113
227 366
228 114
229 367
230 115
231 368
232 116
233 369
234 117
235 370
236 118
237 371
238 119
239 372
240 120
241 373
242 121
243 374
244 122
245 375
246 123
247 376
248 124
249 377
250 125
251 378
252 126
253 379
254 127
255 380
256 128
257 381
258 129
259 382
260 130
261 383
262 131
263 384
264 132
265 385
266 133
267 386
268 134
269 387
270 135
271 388
272 136
273 389
274 137
275 390
276 138
277 391
278 139
279 392
280 140
281 393
282 141
283 394
284 142
285 395
286 143
287 396
288 144
289 397
290 145
291 398
292 146
293 399
294 147
295 400
296 148
297 401
298 149
299 402
300 150
301 403
302 151
303 404
304 152
305 405
306 153
307 406
308 154
309 407
310 155
311 408
312 156
313 409
314 157
315 410
316 158
317 411
318 159
319 412
320 160
321 413
322 161
323 414
324 162
325 415
326 163
327 416
328 164
329 417
330 165
331 418
332 166
333 419
334 167
335 420
336 168
337 421
338 169
339 422
340 170
341 423
342 171
343 424
344 172
345 425
346 173
347 426
348 174
349 427
350 175
351 428
352 176
353 429
354 177
355 430
356 178
357 431
358 179
359 432
360 180
361 433
362 181
363 434
364 182
365 435
366 183
367 436
368 184
369 437
370 185
371 438
372 186
373 439
374 187
375 440
376 188
377 441
378 189
379 442
380 190
381 443
382 191
383 444
384 192
385 445
386 193
387 446
388 194
389 447
390 195
391 448
392 196
393 449
394 197
395 450
396 198
397 451
398 199
399 452
400 200
401 453
402 201
403 454
404 202
405 455
406 203
407 456
408 204
409 457
410 205
411 458
412 206
413 459
414 207
415 460
416 208
417 461
418 209
419 462
420 210
421 463
422 211
423 464
424 212
425 465
426 213
427 466
428 214
429 467
430 215
431 468
432 216
433 469
434 217
435 470
436 218
437 471
438 219
439 472
440 220
441 473
442 221
443 474
444 222
445 475
446 223
447 476
448 224
449 477
450 225
451 478
452 226
453 479
454 227
455 480
456 228
457 481
458 229
459 482
460 230
461 483
462 231
463 484
464 232
465 485
466 233
467 486
468 234
469 487
470 235
471 488
472 236
473 489
474 237
475 490
476 238
477 491
478 239
479 492
480 240
481 493
482 241
483 494
484 242
485 495
486 243
487 496
488 244
489 497
490 245
491 498
492 246
493 499
494 247
495 500
496 248
497 501
498 249
499 502
500 250
501 503
502 251
503 504
504 252
505 505
